1znf_hydAtom_GRPY               Title
20.                             Temperature, centigrade
0.010                           Solvent viscosity
2957.77                         Molecular weight
0.722                           Specific volume of macromolecule
1.0                             Solution density
1.E-8                           Unit length in cm
1452                            no of beads
66.135 42.099 -1.007 2.7203848681
65.978 40.866 -0.183 2.85287250891
65.296 41.095 1.19 2.73628278469
65.008 42.232 1.589 2.61895377264
67.327 40.135 -0.036 2.85287250891
67.488 38.91 -0.965 2.85287250891
66.568 37.712 -0.571 2.85287250891
66.911 37.149 0.832 2.85287250891
65.816 36.339 1.468 2.85287250891
66.436 40.198 4.257 4.23203245328
65.481 41.867 6.297 2.97245262608
65.187 41.107 7.597 2.8655882766
65.63 41.51 8.669 2.75923199067
65.128 43.337 6.528 2.97245262608
65.591 44.286 5.442 2.97245262608
64.84 45.607 5.537 2.97245262608
65.221 46.573 4.431 2.97245262608
64.132 47.574 4.322 2.97245262608
64.0 39.236 8.648 2.41516305987
64.955 38.065 8.89 2.24769809506
65.745 37.716 8.018 2.06703446881
62.599 38.679 8.394 2.41516305987
61.329 39.498 8.651 2.24769809506
61.54 40.96 8.361 2.41516305987
64.862 37.441 10.06 2.57572842164
65.686 36.283 10.39 2.72232757201
65.549 35.948 11.855 2.72232757201
65.997 34.175 9.206 2.91219395265
65.595 33.027 8.386 3.0287949135
66.716 32.007 8.252 3.0287949135
67.852 32.426 7.376 3.0287949135
69.1 31.632 7.757 3.0287949135
70.347 32.168 7.052 3.0287949135
71.578 31.521 7.607 3.0287949135
63.187 31.111 10.666 3.28331166428
63.58 30.805 12.113 3.28331166428
64.684 31.75 12.404 3.28331166428
65.439 31.833 11.127 3.28331166428
61.439 36.885 13.071 3.54436212661
62.45 34.034 5.88 3.18635814682
64.563 34.689 4.093 3.00350354728
65.31 36.232 5.531 3.11352764288
60.424 30.219 6.666 3.54436212661
58.146 29.562 6.64 3.39902103994
61.25 29.102 7.305 3.54436212661
62.625 28.965 6.688 3.47033660994
62.878 29.586 5.639 3.39902103994
63.468 28.245 7.267 3.39902103994
55.608 35.487 5.252 3.54436212661
56.318 31.291 3.543 2.97245262608
55.314 30.199 3.867 2.8655882766
54.358 29.991 3.13 2.75923199067
57.616 30.625 3.093 2.97245262608
58.677 31.536 2.5 2.97245262608
59.977 30.735 2.426 2.97245262608
61.117 31.495 1.768 2.97245262608
62.414 30.763 1.952 2.97245262608
55.532 29.522 4.992 2.11633202144
54.669 28.431 5.446 2.32485688748
52.322 28.101 5.224 1.94074133197
55.211 27.842 6.739 2.32485688748
54.385 26.696 7.282 2.32485688748
55.129 25.876 8.715 2.18262886222
56.962 26.334 8.582 2.32485688748
51.007 30.923 2.011 1.74
50.656 31.326 0.898 1.4
51.575 33.227 2.831 2.0
51.479 28.694 1.165 3.69904372689
52.072 27.392 1.681 3.69904372689
52.297 26.389 0.578 3.63125461652
52.86 26.795 -0.459 3.56629383662
51.898 25.209 0.731 3.56629383662
49.954 28.731 -0.717 2.41269401738
48.657 29.238 -2.78 2.57789518755
47.315 29.026 -3.448 2.57789518755
48.875 30.704 -2.629 2.57789518755
49.217 26.224 -1.721 3.18494045613
48.942 24.815 -1.933 3.28331166428
48.378 24.164 -0.682 3.19656430018
47.539 23.265 -0.771 3.11200838625
50.212 24.116 -2.397 3.28331166428
49.971 22.73 -3.0 3.28331166428
51.266 21.98 -3.381 3.19656430018
52.267 22.034 -2.604 3.11200838625
51.262 21.329 -4.461 3.11200838625
48.822 24.627 0.489 2.65003072421
48.29 24.092 1.738 2.78912757715
46.003 23.798 2.327 2.5427976846
49.124 24.526 2.944 2.78912757715
50.361 23.831 2.958 2.61066977765
44.494 23.897 -2.729 2.65207782941
44.534 25.21 -3.533 2.65207782941
44.906 25.018 -5.02 2.65207782941
46.34 24.485 -5.262 2.65207782941
46.868 24.778 -6.658 2.65207782941
44.81 22.098 -0.272 2.49687256947
44.794 20.807 0.396 2.65207782941
42.918 19.981 1.632 2.37505611705
46.195 20.53 0.901 2.65207782941
46.371 19.39 1.88 2.65207782941
47.893 19.172 2.02 2.65207782941
48.368 18.734 3.419 2.65207782941
48.041 17.318 3.795 2.65207782941
43.763 21.918 2.335 2.57572842164
42.809 21.989 3.443 2.72232757201
43.003 23.284 4.273 2.72232757201
40.05 19.304 -0.462 2.41516305987
38.83 17.515 0.555 2.06703446881
41.251 18.834 -1.238 2.41516305987
41.114 17.376 -1.588 2.41516305987
41.377 19.694 -2.484 2.41516305987
40.171 17.588 2.938 3.41882014206
38.776 17.795 3.457 3.33906215107
38.157 16.855 3.882 3.26182836231
41.166 17.828 4.048 3.41882014206
42.471 17.128 3.79 3.41882014206
43.547 17.576 4.729 3.33906215107
43.212 18.129 5.802 3.26182836231
44.734 17.397 4.387 3.26182836231
36.922 19.382 3.783 2.0
35.855 18.958 2.779 1.74
37.555 20.733 6.306 1.86
38.255 21.209 7.404 1.86
35.549 17.892 0.534 3.87583860819
35.274 15.603 1.544 3.87583860819
34.321 14.597 2.161 3.81424376621
33.778 14.876 3.25 3.75551382604
34.11 13.533 1.538 3.75551382604
36.457 20.286 -2.918 3.39902103994
34.8 21.144 -5.002 3.97461189274
33.56 20.695 -7.145 3.91610941646
34.671 20.769 -7.737 3.86046154913
32.51 20.244 -7.65 3.86046154913
36.939 22.153 -5.544 2.22402568616
37.854 24.887 -7.691 2.06703446881
39.295 22.799 -5.826 2.41516305987
41.396 22.765 -4.473 2.41516305987
39.594 24.349 -3.843 2.41516305987
36.959 22.869 -8.181 2.32219197539
36.643 23.21 -9.554 2.49917816808
35.456 24.143 -9.666 2.34393302806
35.435 25.002 -10.539 2.17953443166
36.433 21.952 -10.396 2.49917816808
37.469 21.779 -11.505 2.49917816808
38.879 21.83 -10.984 2.34393302806
39.285 21.0 -10.166 2.17953443166
39.628 22.83 -11.423 2.37766287277
33.305 24.872 -8.827 3.0287949135
32.829 27.03 -8.006 2.8243183199
31.983 24.126 -8.58 3.0287949135
31.713 22.951 -9.56 3.0287949135
30.23 22.796 -10.005 3.0287949135
29.791 23.852 -11.077 3.0287949135
30.574 23.864 -12.384 3.0287949135
38.08 28.217 -6.242 3.28331166428
38.342 29.015 -7.525 3.28331166428
37.028 29.714 -7.756 3.28331166428
36.069 28.582 -7.527 3.28331166428
39.679 29.117 -4.633 2.41269401738
39.217 31.885 -2.514 2.28148428923
41.659 29.832 -3.402 2.57789518755
43.816 28.915 -2.493 2.57789518755
39.639 31.906 -4.712 2.41269401738
39.173 33.278 -4.865 2.57789518755
37.67 33.512 -4.782 2.43285482807
37.224 34.643 -4.929 2.28148428923
35.429 32.655 -4.483 2.97245262608
34.986 32.864 -3.026 2.8655882766
33.974 33.506 -2.776 2.75923199067
34.667 31.487 -5.118 2.97245262608
33.165 31.779 -5.347 2.97245262608
32.469 30.623 -6.071 2.97245262608
31.013 30.945 -6.403 2.97245262608
30.384 29.836 -7.191 2.97245262608
35.9 34.84 -0.423 2.75923199067
36.679 32.063 0.2 2.97245262608
33.325 35.395 0.554 3.18635814682
32.078 35.706 -0.296 3.18635814682
31.144 36.547 0.371 3.0526522229
33.247 36.347 2.839 2.91219395265
30.85 35.405 5.231 2.8243183199
33.338 37.584 4.976 3.0287949135
34.836 37.788 4.942 3.0287949135
35.178 39.269 4.716 3.0287949135
36.694 39.512 4.455 3.0287949135
37.638 39.308 5.628 3.0287949135
29.098 36.733 3.578 2.65207782941
28.662 35.302 3.331 2.51571213812
27.809 34.781 4.034 2.37505611705
28.46 37.633 2.537 2.65207782941
28.816 39.066 2.724 2.65207782941
27.94 39.925 1.864 2.65207782941
28.075 41.341 2.2 2.49687256947
27.585 42.335 1.466 2.51571213812
26.921 42.083 0.337 2.54507232427
27.76 43.587 1.864 2.54507232427
29.247 34.682 2.31 2.57572842164
28.968 33.298 1.935 2.72232757201
29.975 32.883 0.848 2.72232757201
29.941 31.414 0.424 2.72232757201
31.234 30.952 -0.271 2.59344389372
31.141 29.89 -1.075 2.62109821036
32.005 31.138 6.973 3.54436212661
26.46 32.868 7.016 2.59344389372
27.504 35.051 7.412 2.72232757201
28.532 35.821 8.191 2.72232757201
28.384 37.303 7.933 2.59344389372
27.254 37.825 7.86 2.46178430194
29.513 37.987 7.732 2.62109821036
26.056 32.932 5.751 2.65003072421
24.838 32.258 5.279 2.78912757715
23.947 30.126 5.945 2.5427976846
24.655 32.471 3.783 2.78912757715
24.326 33.82 3.516 2.61066977765
30.761 30.771 10.437 3.94130856496
32.504 29.552 11.477 3.89046738633
22.672 30.123 9.386 2.97245262608
20.93 28.48 9.557 2.75923199067
22.05 31.302 8.639 2.97245262608
22.581 32.516 9.126 2.81719981417
22.349 27.86 4.872 2.97245262608
21.096 27.922 4.124 2.97245262608
20.523 26.126 12.378 2.66677603688
22.018 28.098 12.694 2.78912757715
21.599 28.501 14.078 2.66677603688
21.268 27.652 14.908 2.5427976846
21.601 29.805 14.341 2.69295246139
18.475 26.089 11.078 3.54436212661
17.417 23.987 11.504 3.39902103994
17.925 26.71 9.819 3.54436212661
17.614 28.154 9.894 3.54436212661
17.265 28.687 8.5 3.47033660994
16.315 28.151 7.864 3.39902103994
17.966 29.622 8.024 3.39902103994
21.034 24.107 16.405 2.28148428923
20.199 22.215 17.34 2.46421089331
16.092 21.919 14.521 2.43285482807
16.624 24.369 14.7 2.57789518755
16.768 25.296 15.873 2.57789518755
15.881 24.857 17.052 2.43285482807
14.762 25.37 17.234 2.28148428923
16.368 23.883 17.846 2.46421089331
16.0 21.693 13.204 2.41269401738
15.071 20.752 12.578 2.57789518755
14.384 18.573 13.193 2.28148428923
15.17 20.85 11.056 2.57789518755
16.991 17.554 13.423 2.57789518755
16.342 16.26 15.308 2.28148428923
18.835 15.802 13.587 2.57789518755
18.797 17.323 11.629 2.57789518755
16.594 18.362 17.13 2.78912757715
15.129 18.314 17.53 2.66677603688
14.771 17.581 18.444 2.5427976846
17.282 19.546 17.83 2.78912757715
18.682 19.518 17.601 2.61066977765
12.851 19.162 17.039 3.374854362
11.921 18.315 16.177 3.29292659605
10.697 18.54 16.212 3.21343256117
12.4 20.596 16.82 3.374854362
13.113 21.569 17.707 3.29292659605
14.215 21.241 18.22 3.21343256117
12.576 22.688 17.869 3.21343256117
12.465 17.399 15.373 2.11633202144
11.611 16.584 14.52 2.32485688748
10.851 17.383 13.454 2.14243103283
9.634 17.24 13.329 1.94074133197
10.939 19.025 11.657 2.32485688748
10.725 18.137 10.44 2.14243103283
11.22 16.999 10.409 1.94074133197
10.0 18.632 9.437 2.85110369563
9.737 17.842 8.228 2.97245262608
8.972 18.668 7.189 2.97245262608
7.56 18.561 7.351 2.81719981417
10.946 16.145 6.983 3.18494045613
12.08 15.579 6.257 3.28331166428
12.328 16.501 5.033 3.19656430018
13.464 16.699 4.6 3.11200838625
11.75 14.157 5.804 3.28331166428
12.303 13.029 6.69 3.28331166428
11.47 12.71 7.932 3.19656430018
10.469 13.413 8.219 3.11200838625
11.838 11.727 8.613 3.11200838625
11.25 17.108 4.534 2.57572842164
11.284 18.044 3.403 2.72232757201
12.201 19.209 3.754 2.59344389372
13.027 19.668 2.958 2.46178430194
9.887 18.629 3.158 2.72232757201
8.943 17.62 2.851 2.53400746709
12.749 20.814 5.472 2.72232757201
12.162 21.185 6.845 2.72232757201
12.927 22.193 7.659 2.72232757201
12.707 23.632 7.223 2.59344389372
12.291 24.477 8.034 2.46178430194
13.02 23.937 5.952 2.62109821036
16.136 17.602 7.02 2.72232757201
17.58 17.173 7.167 2.72232757201
15.407 16.612 9.225 2.72232757201
15.826 18.23 3.806 2.22402568616
15.258 17.148 1.681 2.41516305987
15.401 17.007 0.155 2.24769809506
16.682 16.28 -0.228 2.41516305987
14.173 16.289 -0.414 2.41516305987
15.575 20.266 1.93 3.46048228099
15.711 21.551 1.3 3.54436212661
14.451 22.35 1.55 3.54436212661
14.531 23.731 0.984 3.47033660994
15.086 23.876 -0.129 3.39902103994
14.061 24.665 1.668 3.39902103994
16.898 23.46 7.424 2.97245262608
17.741 25.153 5.759 2.97245262608
20.678 18.805 2.631 4.32767651728
20.306 21.379 -0.961 2.57789518755
20.815 22.787 -0.947 2.43285482807
21.711 23.108 -1.713 2.28148428923
19.059 21.309 -1.811 2.57789518755
18.672 19.904 -2.123 2.43285482807
19.533 19.027 -2.325 2.28148428923
17.368 19.652 -2.123 2.46421089331
20.74 24.997 -0.077 2.72232757201
22.975 25.756 -0.318 2.46178430194
19.877 25.905 0.79 2.72232757201
18.762 26.494 -0.03 2.72232757201
17.467 26.682 0.721 2.72232757201
17.635 27.56 1.864 2.57572842164
16.69 27.757 2.776 2.59344389372
15.524 27.128 2.639 2.62109821036
16.92 28.535 3.846 2.62109821036
25.598 23.128 -2.166 2.73628278469
26.607 23.193 -2.89 2.61895377264
25.186 20.805 -1.272 2.85287250891
25.515 19.827 -0.188 2.73628278469
26.771 19.811 0.406 2.78727419845
24.581 18.884 0.217 2.78727419845
24.876 17.938 1.181 2.78727419845
24.5 23.838 -2.408 2.57572842164
24.448 24.75 -3.537 2.72232757201
25.888 26.582 -4.108 2.46178430194
23.006 25.176 -3.833 2.72232757201
22.302 24.071 -4.414 2.53400746709
22.972 26.36 -4.786 2.72232757201
26.144 27.485 -1.533 2.41516305987
28.489 27.973 -1.759 2.06703446881
25.578 27.973 -0.209 2.41516305987
26.175 30.411 -0.431 2.41516305987
25.096 29.468 1.603 2.41516305987
29.925 23.049 -3.71 3.28331166428
30.501 23.676 -4.974 3.28331166428
29.921 25.095 -4.958 3.28331166428
30.029 25.473 -3.505 3.28331166428
30.407 20.809 -2.956 3.77074517528
30.68 18.539 -4.484 3.71919444793
30.383 19.017 -1.273 3.8417693982
32.881 16.892 -4.355 3.54436212661
34.029 15.381 -2.858 3.39902103994
34.177 17.214 -5.101 3.54436212661
34.612 16.085 -6.039 3.47033660994
33.803 15.166 -6.335 3.39902103994
35.78 16.117 -6.471 3.39902103994
32.01 14.754 -3.725 1.7
31.939 13.468 -3.052 2.0
32.359 12.262 -3.907 1.74
32.177 11.113 -3.464 1.4
30.509 13.228 -2.521 2.0
29.165 15.203 -1.716 1.86
30.223 14.98 0.886 1.86
28.776 16.104 -0.717 1.86
32.892 12.501 -5.113 2.41269401738
33.311 11.393 -5.975 2.57789518755
32.12 10.595 -6.512 2.43285482807
31.136 11.174 -6.961 2.28148428923
32.195 9.271 -6.483 2.11633202144
31.088 8.434 -6.977 2.32485688748
30.143 8.117 -5.841 2.14243103283
29.311 7.218 -5.941 1.94074133197
31.592 7.1 -7.566 2.32485688748
31.58 7.046 -9.08 2.32485688748
32.541 8.428 -9.742 2.18262886222
34.267 7.702 -9.704 2.32485688748
30.31 8.833 -4.744 2.32219197539
29.497 8.633 -3.567 2.49917816808
28.272 9.569 -3.666 2.34393302806
28.272 10.521 -4.448 2.17953443166
30.389 8.911 -2.353 2.49917816808
29.726 8.918 -1.012 2.49917816808
30.691 9.485 0.024 2.49917816808
29.962 9.853 1.301 2.49917816808
30.838 10.693 2.13 2.49917816808
27.173 9.178 -3.028 2.32219197539
25.954 9.975 -3.009 2.49917816808
26.676 10.606 -0.82 2.17953443166
24.75 9.086 -2.69 2.49917816808
24.118 8.436 -3.903 2.49917816808
23.44 9.5 -4.723 2.49917816808
23.03 8.989 -6.074 2.49917816808
22.636 10.155 -6.923 2.49917816808
25.138 13.042 0.107 2.66677603688
23.931 12.852 -0.01 2.5427976846
25.6 14.577 -1.857 2.78912757715
24.58 14.089 -2.85 2.78912757715
25.237 12.82 -3.359 2.78912757715
25.003 12.758 2.537 2.78912757715
26.113 12.46 3.533 2.78912757715
27.222 13.334 3.067 2.78912757715
23.007 13.704 3.482 2.22402568616
23.27 14.528 6.133 2.06703446881
20.702 14.312 4.08 2.41516305987
20.047 13.901 2.76 2.24769809506
18.572 13.639 3.022 2.41516305987
20.232 15.002 1.682 2.41516305987
21.042 14.186 10.289 2.8655882766
20.341 13.779 11.185 2.75923199067
19.531 13.844 8.311 2.97245262608
20.267 12.878 7.593 2.81719981417
23.077 13.554 11.456 2.78912757715
24.114 12.58 10.894 2.78912757715
25.017 12.049 11.953 2.66677603688
25.792 12.794 12.538 2.5427976846
24.89 10.765 12.258 2.69295246139
23.486 14.822 13.549 2.41269401738
23.556 16.017 15.735 2.57789518755
22.065 16.378 15.909 2.43285482807
21.722 16.499 17.413 2.57789518755
26.287 14.789 14.146 3.18494045613
27.742 14.759 14.118 3.28331166428
28.303 15.301 12.806 3.19656430018
29.369 15.92 12.808 3.11200838625
28.253 13.346 14.303 3.28331166428
28.055 12.753 15.673 3.28331166428
28.805 11.433 15.798 3.19656430018
28.308 10.41 15.256 3.11200838625
29.915 11.435 16.396 3.11200838625
27.601 15.049 11.692 2.7203848681
28.03 15.524 10.366 2.85287250891
27.244 14.807 9.25 2.85287250891
27.722 15.151 7.848 2.73628278469
29.004 14.791 7.4 2.78727419845
26.921 15.905 6.997 2.78727419845
29.474 15.187 6.131 2.78727419845
29.63 18.706 14.904 3.18635814682
29.066 19.084 16.246 3.18635814682
26.808 18.225 16.568 3.11352764288
30.765 18.706 12.13 2.22402568616
31.922 18.654 11.238 2.41516305987
31.852 19.804 10.255 2.24769809506
32.849 20.428 9.946 2.06703446881
31.925 17.355 10.485 2.41516305987
30.565 18.734 5.383 4.32767651728
31.878 18.879 4.642 4.32767651728
34.783 21.769 12.435 2.78912757715
35.255 21.612 13.873 2.78912757715
34.112 21.704 14.868 2.66677603688
33.474 20.694 15.193 2.5427976846
33.837 22.92 15.355 2.69295246139
34.376 23.061 9.652 2.57572842164
34.906 23.419 8.343 2.72232757201
34.211 22.629 7.245 2.72232757201
35.505 27.991 11.39 3.374854362
36.844 28.115 10.678 3.29292659605
37.484 29.161 10.748 3.21343256117
35.732 27.267 12.736 3.374854362
34.442 27.152 13.607 3.29292659605
33.48 27.945 13.459 3.21343256117
34.387 26.235 14.457 3.21343256117
38.492 27.006 9.23 2.97245262608
39.33 24.79 10.078 2.8655882766
40.505 24.799 10.412 2.75923199067
38.401 24.1 10.74 2.88830125379
38.713 33.571 7.69 2.28148428923
36.368 32.158 9.195 2.57789518755
34.611 32.827 10.705 2.57789518755
34.482 33.509 8.306 2.57789518755
41.048 31.62 10.939 4.27849626329
40.799 32.843 11.07 4.23203245328
40.996 30.806 11.88 4.23203245328
39.558 33.409 3.483 3.69904372689
40.789 35.384 2.887 3.56629383662
38.067 33.708 3.722 3.69904372689
37.419 34.714 2.776 3.69904372689
38.236 36.485 4.217 3.56629383662
37.457 37.037 2.229 3.56629383662
41.543 35.989 5.536 2.57789518755
43.455 36.895 4.387 2.28148428923
42.776 36.903 7.532 2.57789518755
40.354 36.303 7.757 2.57789518755
42.909 33.713 0.044 2.97245262608
42.507 34.11 -2.422 2.91219147086
44.584 32.393 -3.104 2.91219147086
42.798 33.88 -3.778 2.91219147086
43.835 33.02 -4.102 2.8655882766
44.129 32.789 -5.423 2.81719981417
42.926 36.707 1.151 2.57572842164
42.682 38.12 0.966 2.72232757201
43.988 38.869 1.137 2.59344389372
44.371 39.677 0.285 2.46178430194
41.685 38.62 2.01 2.72232757201
40.388 38.122 1.747 2.53400746709
45.927 39.266 2.537 2.22693058289
45.782 39.345 5.185 2.02565795104
45.754 40.87 5.28 2.22693058289
47.925 38.062 -1.289 2.02565795104
48.941 38.285 -1.945 1.79544509739
47.889 35.82 -0.197 2.22693058289
49.034 35.235 -0.996 2.02565795104
50.352 35.739 -0.389 2.22693058289
48.942 33.701 -0.993 2.22693058289
46.474 39.135 -2.943 2.72232757201
46.159 40.606 -2.664 2.59344389372
45.643 41.3 -3.529 2.46178430194
45.301 38.513 -3.705 2.72232757201
42.79 38.705 -3.633 2.72232757201
42.531 37.73 -4.69 2.57572842164
41.348 37.158 -4.905 2.59344389372
40.312 37.456 -4.121 2.62109821036
41.185 36.321 -5.927 2.62109821036
46.138 42.427 -1.047 2.41516305987
47.216 43.37 -1.557 2.24769809506
47.593 43.303 -2.726 2.06703446881
47.751 44.204 -0.664 2.22402568616
48.766 45.187 -1.029 2.41516305987
51.093 44.92 -0.537 2.06703446881
50.363 44.166 -2.531 2.41269401738
51.666 43.681 -2.972 2.57789518755
52.198 44.526 -4.132 2.43285482807
52.289 44.052 -5.281 2.28148428923
51.568 42.214 -3.405 2.57789518755
51.054 41.32 -2.31 2.43285482807
51.901 40.414 -1.843 2.46421089331
52.479 45.797 -3.852 3.18494045613
53.018 46.683 -4.879 3.28331166428
54.176 47.5 -4.323 3.19656430018
53.991 48.48 -3.592 3.11200838625
51.939 47.572 -5.526 3.28331166428
51.416 48.73 -4.69 3.28331166428
50.59 48.271 -3.526 3.19656430018
49.461 47.789 -3.757 3.11200838625
51.072 48.39 -2.383 3.11200838625
55.371 46.996 -4.617 3.18494045613
56.655 47.576 -4.223 3.28331166428
57.795 46.723 -4.786 3.19656430018
57.681 45.492 -4.884 3.11200838625
56.796 47.663 -2.691 3.28331166428
56.341 49.001 -2.134 3.19656430018
56.688 50.043 -2.739 3.11200838625
55.632 49.006 -1.101 3.11200838625
58.86 47.392 -5.215 2.41269401738
60.019 46.69 -5.738 2.57789518755
61.092 46.702 -4.665 2.43285482807
61.916 45.786 -4.577 2.28148428923
61.045 47.734 -3.821 3.18494045613
62.004 47.914 -2.734 3.28331166428
61.775 47.016 -1.517 3.19656430018
62.566 47.053 -0.559 3.11200838625
62.027 49.377 -2.284 3.28331166428
62.65 50.292 -3.316 3.19656430018
63.882 50.191 -3.553 3.11200838625
61.897 51.109 -3.888 3.11200838625
60.386 45.363 -0.412 3.0287949135
60.294 43.947 -0.952 2.92608152912
59.646 43.713 -1.971 2.8243183199
59.199 46.764 1.437 3.0287949135
59.913 46.149 2.652 3.0287949135
60.215 47.175 3.765 3.0287949135
61.27 48.194 3.416 3.0287949135
61.011 43.027 -0.313 3.46048228099
60.978 41.612 -0.68 3.54436212661
61.937 40.854 0.237 3.54436212661
62.046 39.378 -0.096 3.47033660994
61.115 38.62 0.207 3.39902103994
63.096 38.948 -0.613 3.39902103994
57.61 39.781 -1.051 3.28331166428
57.428 38.691 -2.131 3.28331166428
58.87 38.196 -2.401 3.28331166428
59.642 39.504 -2.372 3.28331166428
58.252 38.572 0.985 2.41269401738
58.135 38.063 2.341 2.57789518755
59.432 35.967 2.016 2.57789518755
60.692 35.188 2.301 2.57789518755
58.685 41.357 4.231 3.97461189274
59.776 42.391 3.921 3.97461189274
61.197 41.9 4.265 3.91610941646
62.113 42.747 4.303 3.86046154913
55.53 42.793 2.669 2.41516305987
53.536 42.601 4.074 2.06703446881
56.303 43.677 0.403 2.41516305987
53.822 43.432 0.858 2.41516305987
56.044 43.915 -1.079 2.41516305987
53.65 37.571 1.07 4.28874139447
53.451 40.958 8.737 2.88653560143
57.169 41.622 9.419 3.02722347308
57.503 41.871 10.733 3.02722347308
57.497 40.825 11.647 2.98417189675
57.943 41.054 12.922 2.93964069245
53.883 43.497 7.646 3.41882014206
52.389 43.461 7.623 3.33906215107
51.741 44.123 8.424 3.26182836231
54.387 44.646 6.796 3.41882014206
55.865 44.879 7.037 3.41882014206
56.413 46.02 6.243 3.33906215107
55.603 46.849 5.775 3.26182836231
57.657 46.085 6.092 3.26182836231
50.389 42.557 6.658 3.18635814682
48.712 42.116 8.302 3.00350354728
49.967 41.715 5.459 3.18635814682
50.143 42.378 4.095 3.18635814682
49.975 41.328 3.006 3.18635814682
50.096 41.894 1.597 3.18635814682
50.59 42.514 11.074 2.41269401738
50.416 43.453 12.187 2.57789518755
50.813 42.812 13.51 2.43285482807
50.21 43.065 14.544 2.28148428923
48.948 43.903 12.266 2.57789518755
48.491 44.769 11.125 2.57789518755
49.582 45.764 10.886 2.57789518755
49.289 46.685 9.804 2.41269401738
48.787 47.905 9.982 2.43285482807
48.505 48.352 11.208 2.46421089331
48.633 48.708 8.934 2.46421089331
51.848 41.994 13.466 2.85110369563
52.309 41.257 14.632 2.97245262608
53.824 41.316 14.65 2.8655882766
54.477 41.024 13.657 2.75923199067
54.397 41.706 15.769 3.28197651502
55.838 41.765 15.847 3.374854362
55.803 39.745 17.139 3.21343256117
56.234 42.813 16.903 3.374854362
57.734 42.896 17.11 3.29292659605
58.412 43.519 16.261 3.21343256117
58.242 42.327 18.105 3.21343256117
59.928 38.896 15.125 3.39902103994
61.006 37.642 17.348 3.18635814682
61.357 38.547 18.53 3.18635814682
61.312 40.025 18.194 3.18635814682
61.621 40.909 19.404 3.18635814682
61.494 42.391 19.048 3.18635814682
62.097 42.675 17.702 3.18635814682
62.556 35.816 17.384 1.99639670258
64.27 35.292 19.544 1.79544509739
64.112 33.993 16.731 2.22693058289
64.409 32.536 16.95 2.22693058289
63.713 34.234 15.295 2.22693058289
63.494 33.282 21.265 2.22693058289
64.768 31.342 20.607 1.79544509739
62.871 32.023 23.387 2.22693058289
61.336 33.72 22.453 2.22693058289
65.793 32.897 21.857 3.46048228099
67.02 32.146 21.925 3.54436212661
68.092 32.984 22.59 3.54436212661
69.345 32.191 22.864 3.47033660994
69.695 31.31 22.035 3.39902103994
69.972 32.433 23.921 3.39902103994
67.223 29.742 21.974 2.91219395265
67.581 26.973 24.352 2.8243183199
67.668 27.405 21.374 3.0287949135
67.162 27.657 19.935 3.0287949135
65.692 27.284 19.746 3.0287949135
65.491 25.785 19.738 3.0287949135
64.049 25.514 19.671 3.0287949135
69.275 28.783 25.558 3.374854362
68.832 29.641 26.724 3.29292659605
69.308 29.446 27.836 3.21343256117
70.782 28.942 25.343 3.374854362
71.338 27.964 24.302 3.29292659605
70.884 26.788 24.249 3.21343256117
72.238 28.376 23.533 3.21343256117
67.468 31.442 27.577 3.18635814682
66.777 32.704 27.032 3.18635814682
65.684 32.398 26.178 3.0526522229
66.161 31.288 29.616 2.97082338406
65.04 31.488 31.813 3.08311555793
65.576 30.844 33.073 3.08311555793
67.092 30.814 33.087 2.98417189675
67.704 30.043 32.297 2.88653560143
67.671 31.593 33.879 2.88653560143
63.433 31.342 29.143 2.97082338406
62.163 31.228 28.426 3.08311555793
61.788 33.697 28.119 3.08311555793
61.781 34.82 27.115 2.98417189675
60.695 35.109 26.563 2.88653560143
62.864 35.411 26.881 2.88653560143
64.155 26.098 28.711 3.0287949135
62.842 25.761 29.353 2.92608152912
65.213 26.288 29.786 3.0287949135
66.614 26.312 29.244 3.0287949135
67.62 26.415 30.369 3.0287949135
69.001 26.756 29.826 3.0287949135
69.816 27.382 30.902 3.0287949135
60.875 26.495 30.551 2.72232757201
61.153 28.268 32.303 2.72232757201
60.696 29.624 32.803 2.72232757201
60.697 23.103 26.288 2.97245262608
60.24 22.083 27.348 2.8655882766
59.742 21.013 27.0 2.75923199067
62.197 22.979 26.046 2.97245262608
62.63 23.304 24.614 2.97245262608
64.162 23.33 24.488 2.97245262608
64.602 23.801 23.102 2.97245262608
65.905 24.55 23.167 2.97245262608
59.952 21.546 29.729 2.72232757201
60.277 22.162 31.081 2.72232757201
61.09 21.279 31.973 2.72232757201
62.464 20.969 31.369 2.59344389372
62.873 19.799 31.289 2.46178430194
63.174 22.018 30.915 2.62109821036
55.631 18.287 26.155 2.46178430194
56.986 20.989 24.762 2.72232757201
56.714 19.979 23.699 2.72232757201
58.069 17.488 27.196 3.0287949135
56.791 15.688 28.204 2.8243183199
59.553 17.422 27.533 3.0287949135
60.004 16.004 27.848 3.0287949135
61.328 15.998 28.59 3.0287949135
61.239 16.89 29.835 3.0287949135
62.569 17.155 30.462 3.0287949135
56.354 17.039 30.569 2.72232757201
54.856 16.817 30.416 2.59344389372
54.304 15.984 31.139 2.46178430194
58.048 18.015 32.245 2.59344389372
58.963 17.427 31.649 2.46178430194
58.272 18.796 33.291 2.62109821036
52.726 17.426 29.364 4.32767651728
53.059 15.8 27.61 2.91219395265
52.413 12.943 27.701 2.8243183199
53.889 14.447 25.759 3.0287949135
53.585 13.923 24.392 2.92608152912
54.319 14.272 23.28 2.86177391959
52.597 13.105 23.956 2.97082099925
53.797 13.694 22.214 2.97082099925
49.628 12.826 27.349 2.32485688748
49.87 11.367 26.917 2.14243103283
49.437 10.439 27.778 2.11633202144
49.588 8.984 27.595 2.32485688748
48.964 8.391 26.328 2.14243103283
49.639 7.689 25.562 1.94074133197
49.062 8.246 28.838 2.32485688748
46.94 8.173 24.96 2.72232757201
47.399 8.766 23.62 2.59344389372
47.015 8.285 22.547 2.46178430194
45.424 8.413 25.119 2.72232757201
45.176 9.809 25.338 2.53400746709
44.882 7.614 26.294 2.72232757201
48.743 10.478 22.507 3.32971220156
48.666 12.001 22.704 3.32971220156
46.064 11.961 22.756 3.28197456097
45.741 13.835 23.85 3.28197456097
45.127 12.805 23.295 3.23418633453
50.443 8.733 22.355 2.41269401738
51.779 8.223 22.066 2.57789518755
51.89 7.596 20.684 2.43285482807
52.545 6.576 20.47 2.28148428923
52.286 7.313 23.183 2.57789518755
52.655 8.097 24.427 2.43285482807
53.117 9.251 24.331 2.28148428923
52.439 7.497 25.604 2.46421089331
51.215 8.254 19.755 2.41269401738
51.22 7.903 18.364 2.57789518755
52.646 8.63 16.554 2.28148428923
49.891 8.292 17.751 2.57789518755
54.455 11.158 20.289 3.39902103994
51.095 12.287 17.504 3.50233627526
50.15 13.126 18.103 3.50233627526
56.886 12.38 19.635 3.69904372689
58.348 12.0 19.464 3.69904372689
58.702 10.728 20.174 3.63125461652
58.046 10.41 21.202 3.56629383662
59.652 10.061 19.7 3.56629383662
57.353 14.733 19.91 2.41269401738
58.673 16.802 19.746 2.43285482807
59.363 16.624 20.738 2.28148428923
56.316 16.835 20.565 2.57789518755
60.368 18.193 18.853 3.18635814682
61.391 17.617 17.873 3.18635814682
62.679 18.451 17.766 3.18635814682
63.55 18.078 16.551 3.18635814682
64.438 19.266 16.115 3.18635814682
65.189 19.89 17.254 3.18635814682
60.523 20.523 19.472 2.11633202144
62.657 22.19 18.603 1.94074133197
60.529 22.714 20.644 2.32485688748
59.353 22.371 21.576 2.32485688748
62.035 23.277 16.104 2.32485688748
63.593 25.152 16.106 1.94074133197
62.224 23.689 13.618 2.32485688748
61.108 21.644 14.49 2.32485688748
61.576 27.657 15.508 4.15863791428
63.824 28.714 15.544 4.10530006652
64.368 28.015 14.649 4.05475951182
64.443 29.225 16.51 4.05475951182
56.977 36.481 19.828 2.59344389372
57.442 37.082 18.857 2.46178430194
58.954 36.508 21.45 2.72232757201
58.431 37.446 22.516 2.72232757201
57.622 36.703 23.596 2.72232757201
57.06 37.631 24.584 2.57572842164
55.942 38.343 24.42 2.59344389372
55.229 38.242 23.304 2.62109821036
55.537 39.181 25.373 2.62109821036
54.765 37.231 19.269 3.54436212661
52.611 42.068 18.106 3.56629383662
54.104 41.52 20.546 3.69904372689
53.543 42.634 21.452 3.69904372689
52.349 42.187 22.336 3.63125461652
52.415 41.1 23.001 3.56629383662
51.329 42.939 22.35 3.56629383662
49.371 43.169 19.464 3.39902103994
45.559 40.358 16.041 3.48587667591
44.647 40.515 18.134 3.48587667591
49.543 43.663 17.28 3.18494045613
49.24 45.065 17.46 3.28331166428
47.978 45.307 18.282 3.19656430018
46.928 44.722 18.012 3.11200838625
49.079 45.724 16.105 3.28331166428
49.289 47.239 16.115 3.28331166428
49.134 47.832 14.729 3.19656430018
47.963 48.058 14.313 3.11200838625
50.179 48.038 14.05 3.11200838625
48.111 46.153 19.305 2.41269401738
46.994 46.514 20.163 2.57789518755
46.434 45.458 21.097 2.43285482807
45.581 45.791 21.908 2.28148428923
46.901 44.21 21.026 5.10132232838
46.368 43.134 21.884 5.14056093691
47.855 43.742 23.7 2.65003072421
48.248 43.979 25.082 2.78912757715
47.025 44.94 26.855 2.5427976846
49.692 44.435 25.174 2.78912757715
50.551 43.387 24.769 2.61066977765
47.014 46.057 24.912 2.32219197539
46.172 47.133 25.408 2.49917816808
44.744 46.649 25.677 2.34393302806
44.131 46.994 26.691 2.17953443166
46.19 48.312 24.43 2.49917816808
45.833 49.669 25.069 2.49917816808
46.672 50.009 26.338 2.34393302806
47.914 49.964 26.326 2.17953443166
45.979 50.344 27.438 2.37766287277
44.246 45.795 24.792 2.7203848681
42.905 45.224 24.872 2.85287250891
41.8 44.376 26.824 2.61895377264
42.673 44.386 23.604 2.85287250891
41.254 43.919 23.384 2.85287250891
41.133 43.054 22.118 2.85287250891
41.208 41.009 20.163 2.76116415538
46.267 40.699 29.196 4.87718162193
43.997 45.105 31.306 2.92608152912
44.478 44.862 32.392 2.8243183199
45.392 46.645 29.903 3.0287949135
46.91 46.754 29.689 3.0287949135
47.346 48.204 29.485 3.0287949135
48.757 48.309 28.886 3.0287949135
49.657 47.221 29.41 3.0287949135
41.779 45.184 32.305 2.97245262608
41.831 43.812 33.029 2.8655882766
41.515 43.725 34.218 2.75923199067
40.4 45.428 31.688 2.97245262608
40.711 46.379 30.533 2.97245262608
41.931 45.743 29.942 2.97245262608
42.309 41.39 32.836 2.0
39.668 39.858 31.731 1.86
38.377 40.112 31.285 1.86
39.245 41.478 29.524 1.86
38.169 40.935 30.177 1.86
45.295 41.773 35.914 2.92608152912
46.015 41.269 36.783 2.8243183199
46.693 42.914 34.202 3.0287949135
47.458 42.828 32.893 3.0287949135
48.425 41.668 32.954 3.0287949135
49.654 41.843 32.053 3.0287949135
50.505 40.602 32.111 3.0287949135
43.524 42.444 37.5 2.57789518755
43.08 41.054 37.991 2.43285482807
43.219 40.748 39.19 2.28148428923
42.318 43.405 37.545 2.57789518755
42.588 44.885 37.207 2.57789518755
43.741 45.487 38.005 2.43285482807
43.926 45.193 39.195 2.28148428923
44.528 46.33 37.348 2.46421089331
42.135 38.875 37.504 2.41516305987
44.426 38.154 37.648 2.06703446881
40.082 38.539 36.017 2.24769809506
39.46 37.449 35.163 2.41516305987
39.315 38.719 37.307 2.41516305987
42.882 37.124 38.921 2.85110369563
43.8 36.176 39.503 2.97245262608
43.334 35.815 40.927 2.97245262608
41.936 35.265 40.989 2.8655882766
40.807 36.055 40.88 2.79843848817
41.488 33.989 41.14 2.91219147086
39.727 35.298 40.956 2.91219147086
40.109 34.04 41.115 2.85110369563
44.496 33.942 38.845 2.57572842164
44.448 32.689 38.111 2.72232757201
43.119 31.962 38.458 2.72232757201
43.011 30.576 37.826 2.59344389372
44.027 29.896 37.638 2.46178430194
41.781 30.154 37.486 2.62109821036
45.71 33.566 36.198 2.85110369563
48.119 32.707 35.156 2.75923199067
46.656 35.199 34.598 2.97245262608
48.331 38.153 36.076 2.8655882766
47.607 38.433 37.155 2.88830125379
49.66 38.209 36.134 2.88830125379
45.856 28.1 35.092 3.09401308242
46.356 27.063 34.671 3.00350354728
44.683 28.131 35.709 3.11352764288
51.903 31.778 28.477 2.97245262608
53.631 30.1 28.921 2.97245262608
46.077 26.393 21.484 3.54436212661
43.053 27.711 20.816 3.42502650633
42.276 27.707 19.749 3.50233627526
43.033 27.9 18.68 3.46048228099
46.129 24.802 19.631 2.85110369563
44.411 24.723 17.527 2.75923199067
45.258 24.952 14.846 3.18635814682
44.976 26.446 14.794 3.18635814682
43.928 26.755 13.901 3.0526522229
45.37 24.467 12.426 2.65003072421
46.071 24.109 11.193 2.78912757715
45.089 23.925 10.05 2.78912757715
44.286 22.683 10.11 2.78912757715
43.251 22.739 9.025 2.78912757715
42.197 21.771 9.287 2.65003072421
43.05 20.155 7.868 2.69295246139
41.134 19.75 9.073 2.69295246139
48.068 24.941 10.115 2.65003072421
49.792 24.743 7.859 2.61066977765
51.01 24.589 9.925 2.78912757715
44.811 25.738 6.817 2.61066977765
46.547 25.956 5.123 2.78912757715
42.379 26.956 11.62 4.28874139447
44.116 34.996 11.785 3.47033660994
44.996 34.073 13.856 2.72232757201
44.509 31.684 14.48 2.72232757201
45.013 30.312 14.806 2.72232757201
44.653 40.88 13.106 3.39902103994
45.823 39.499 10.423 3.54436212661
42.617 39.019 13.586 2.57789518755
41.81 39.088 15.836 2.28148428923
41.468 38.207 12.977 2.57789518755
41.226 38.352 11.491 2.57789518755
41.209 39.785 11.047 2.43285482807
40.263 40.511 11.318 2.28148428923
42.27 40.208 10.362 2.46421089331
42.042 35.811 16.007 3.39902103994
41.869 34.289 18.278 2.72232757201
42.215 33.439 19.512 2.72232757201
43.294 31.416 18.477 2.72232757201
39.532 34.144 17.747 2.41269401738
38.161 34.615 17.7 2.57789518755
37.103 33.618 18.145 2.43285482807
37.356 32.417 18.209 2.28148428923
37.842 35.078 16.276 2.57789518755
38.553 36.35 15.872 2.57789518755
38.153 36.759 14.477 2.57789518755
38.796 35.94 13.444 2.41269401738
38.504 35.993 12.137 2.43285482807
37.562 36.822 11.678 2.46421089331
39.202 35.255 11.274 2.46421089331
35.903 34.134 18.404 2.11633202144
34.748 33.345 18.829 2.32485688748
33.867 33.186 17.578 2.14243103283
33.891 34.049 16.705 1.94074133197
34.012 34.12 19.963 2.32485688748
32.643 33.564 20.22 2.32485688748
34.291 34.756 22.392 2.32485688748
33.126 32.088 17.455 2.41269401738
32.272 31.911 16.273 2.57789518755
30.806 33.537 17.256 2.28148428923
31.597 30.532 16.296 2.57789518755
29.852 34.521 14.818 2.57789518755
29.854 34.777 13.307 2.57789518755
30.24 33.463 12.735 2.57789518755
31.364 33.032 13.672 2.57789518755
27.605 35.038 15.589 2.41269401738
26.229 34.846 16.08 2.57789518755
25.402 33.807 15.324 2.43285482807
24.594 33.111 15.935 2.28148428923
25.623 36.247 15.963 2.57789518755
26.808 37.151 16.209 2.57789518755
27.888 36.474 15.368 2.57789518755
24.925 32.723 13.156 3.87583860819
24.795 34.273 11.051 3.87583860819
25.753 35.428 11.262 3.81424376621
26.705 35.297 12.064 3.75551382604
25.557 36.47 10.597 3.75551382604
25.631 29.647 16.397 3.39902103994
24.88 27.074 16.279 3.97461189274
24.473 25.731 15.656 3.97461189274
25.133 27.225 18.693 2.41269401738
24.977 27.607 21.107 2.57789518755
25.781 27.65 22.4 2.57789518755
24.435 28.994 20.745 2.57789518755
27.214 21.658 19.356 3.00350354728
23.082 23.068 19.916 3.0526522229
24.341 21.064 19.462 3.18635814682
29.654 22.941 18.02 2.8655882766
30.688 22.564 17.421 2.75923199067
30.762 23.271 20.225 3.08311555793
30.454 22.645 21.594 2.98417189675
31.237 24.706 20.436 3.08311555793
32.542 25.512 18.453 3.02722347308
32.643 26.144 17.24 3.02722347308
31.43 21.924 22.15 2.22402568616
31.261 21.249 23.434 2.41516305987
32.537 20.539 23.871 2.41516305987
32.326 19.707 25.141 2.41516305987
33.59 18.438 25.527 2.28430885786
32.777 17.575 27.0 2.41516305987
30.103 28.778 22.446 3.08160126066
30.943 29.586 21.59 3.18635814682
31.647 31.565 22.723 3.00350354728
30.067 30.441 20.654 3.18635814682
27.357 31.232 19.15 3.18635814682
26.902 32.22 18.144 3.18635814682
33.128 29.86 22.631 2.85110369563
35.582 29.855 21.518 2.75923199067
38.001 30.16 22.866 2.97245262608
40.254 31.064 22.167 2.97245262608
38.978 27.938 23.125 2.49687256947
40.953 26.615 24.058 2.51571213812
41.739 26.88 23.138 2.37505611705
38.948 25.471 23.199 2.65207782941
37.446 25.31 23.212 2.51571213812
36.616 26.273 22.627 2.57572524911
36.85 24.218 23.858 2.57572524911
35.235 26.161 22.688 2.57572524911
35.467 24.095 23.924 2.57572524911
34.661 25.07 23.336 2.51571213812
42.727 25.88 25.598 2.0
42.901 24.587 26.358 1.74
41.923 24.032 26.871 1.4
44.762 21.846 26.096 3.54436212661
45.359 21.481 32.755 6.05414288686
48.926 15.305 29.999 3.54436212661
45.698 17.573 23.495 3.18635814682
44.709 18.481 21.484 3.00350354728
43.481 18.362 24.478 3.18635814682
42.667 18.238 25.754 3.18635814682
41.184 18.418 25.508 3.18635814682
40.42 17.984 26.722 3.18635814682
46.222 20.823 21.567 3.54436212661
46.027 22.858 22.842 3.43758922265
48.266 18.615 17.047 3.39902103994
46.205 17.006 17.921 2.57789518755
45.369 17.824 16.927 2.43285482807
44.89 17.28 15.92 2.28148428923
45.28 16.158 18.779 2.57789518755
46.016 15.048 19.479 2.43285482807
47.116 14.657 19.065 2.28148428923
45.423 14.525 20.543 2.46421089331
44.713 21.472 14.468 2.46178430194
43.692 21.068 17.157 2.72232757201
42.625 20.463 18.032 2.59344389372
41.351 20.212 17.532 2.65002772709
42.925 20.027 19.327 2.65002772709
40.39 19.522 18.3 2.65002772709
41.98 19.332 20.103 2.65002772709
40.711 19.082 19.583 2.59344389372
39.769 18.398 20.335 2.53400746709
47.312 20.677 11.829 1.4
46.558 18.964 13.059 2.7203848681
46.232 18.105 11.924 2.85287250891
47.441 17.783 11.068 2.73628278469
47.424 17.96 9.864 2.61895377264
45.093 18.695 11.091 2.85287250891
42.968 17.665 11.984 2.66237033299
43.213 19.766 12.532 2.78727419845
41.928 17.998 12.738 2.78727419845
42.057 19.268 13.08 2.7203848681
48.507 17.324 11.709 2.65003072421
49.714 16.961 10.982 2.78912757715
48.566 14.856 10.913 2.5427976846
50.82 16.558 13.113 2.61066977765
51.257 18.644 12.038 2.78912757715
50.627 13.552 9.454 3.18635814682
49.732 13.361 8.223 3.18635814682
50.236 14.08 7.111 3.0526522229
52.31 11.87 8.85 2.41269401738
53.662 11.452 8.485 2.57789518755
55.199 12.624 7.051 2.28148428923
53.757 9.937 8.306 2.57789518755
55.179 9.435 8.56 2.57789518755
55.633 8.375 7.566 2.43285482807
55.336 7.183 7.721 2.28148428923
56.355 8.81 6.532 2.46421089331
53.088 12.395 6.312 2.22402568616
53.337 13.081 5.054 2.41516305987
53.593 14.582 5.238 2.24769809506
54.364 15.184 4.481 2.06703446881
52.159 12.867 4.113 2.41516305987
53.085 16.607 6.561 3.69904372689
51.778 17.236 6.092 3.69904372689
51.799 18.724 6.115 3.63125461652
52.878 19.317 6.313 3.56629383662
50.702 19.288 5.902 3.56629383662
56.036 15.782 10.092 3.54436212661
56.765 16.236 8.848 3.54436212661
55.66 16.287 7.795 3.54436212661
53.202 21.223 10.322 2.06703446881
56.206 21.319 9.887 2.41516305987
57.565 20.714 9.533 2.41516305987
56.389 22.655 10.615 2.41516305987
58.42 20.37 10.722 2.41516305987
52.802 22.054 12.959 3.54436212661
48.987 35.213 29.081 5.14056093691
50.136 37.491 30.337 5.07338703918
39.654 31.82 38.341 3.39902103994
37.005 31.929 39.128 2.78912757715
35.858 32.458 39.985 2.78912757715
36.319 33.486 40.966 2.66677603688
37.382 33.34 41.576 2.5427976846
35.555 34.561 41.104 2.69295246139
36.879 29.831 37.991 2.41269401738
34.981 27.649 38.375 2.28148428923
37.552 27.953 36.65 2.57789518755
40.23 26.762 37.954 2.57789518755
33.021 27.372 36.416 3.08311555793
30.231 26.719 36.857 3.02722347308
28.966 26.143 37.043 3.02722347308
28.398 26.712 34.756 3.02722347308
26.81 25.575 36.154 2.93964069245
33.687 25.09 37.03 3.32841402621
32.98 22.715 36.362 3.33906215107
31.994 22.573 37.08 3.26182836231
34.926 23.192 37.923 3.41882014206
36.033 24.163 38.284 3.41882014206
37.026 23.623 39.297 3.33906215107
37.038 22.416 39.598 3.26182836231
37.821 24.428 39.802 3.26182836231
32.139 21.083 34.722 2.57789518755
31.479 21.57 33.452 2.57789518755
30.034 23.199 32.268 2.57789518755
29.827 22.928 34.764 2.57789518755
31.959 18.668 34.534 2.85110369563
31.848 16.776 32.979 2.8655882766
32.343 15.793 32.407 2.75923199067
32.059 16.374 35.447 2.97245262608
32.53 16.887 36.795 2.97245262608
32.117 15.973 37.951 2.97245262608
32.687 16.462 39.291 2.97245262608
32.488 15.511 40.417 2.97245262608
30.853 17.496 32.47 2.57572842164
29.722 19.416 30.744 2.46178430194
28.828 16.456 31.662 2.72232757201
28.063 15.874 30.483 2.59344389372
26.857 15.625 30.589 2.46178430194
28.753 15.628 29.353 2.62109821036
28.211 19.759 28.389 2.59344389372
27.241 19.192 28.885 2.46178430194
29.261 18.335 26.645 2.72232757201
27.154 21.945 28.504 3.18635814682
27.292 22.381 29.97 3.18635814682
26.2 23.181 30.394 3.0526522229
26.062 23.452 26.948 2.85110369563
26.009 24.557 26.01 2.97245262608
25.78 25.891 26.678 2.8655882766
24.702 26.477 26.617 2.75923199067
25.01 24.249 24.897 2.97245262608
24.627 21.927 23.782 2.91219147086
26.676 21.587 23.058 2.91219147086
25.468 21.056 23.129 2.85110369563
26.917 27.593 28.046 2.57789518755
27.36 29.113 26.244 2.28148428923
28.39 29.011 29.499 2.57789518755
27.596 26.078 30.395 2.57789518755
25.497 29.453 27.453 2.41269401738
25.099 30.618 26.69 2.57789518755
25.564 31.872 27.411 2.43285482807
25.933 32.868 26.79 2.28148428923
23.6 30.661 26.503 2.57789518755
23.136 29.341 26.201 2.36497245057
23.252 31.593 25.342 2.57789518755
25.558 31.811 28.735 2.7203848681
26.003 32.939 29.544 2.85287250891
26.675 32.395 30.819 2.73628278469
26.37 31.29 31.279 2.61895377264
24.811 33.849 29.869 2.85287250891
25.188 35.291 30.213 2.85287250891
23.951 36.196 30.207 2.85287250891
24.246 37.601 30.731 2.85287250891
23.051 38.479 30.542 2.85287250891
27.618 33.144 31.366 2.22402568616
27.576 33.012 33.854 2.24769809506
26.905 34.051 33.958 2.06703446881
29.725 33.216 32.58 2.41516305987
30.751 31.023 31.907 2.41516305987
32.194 32.9 32.614 2.41516305987
27.62 32.08 34.827 2.85110369563
26.999 32.235 36.145 2.97245262608
28.929 33.3 37.021 2.75923199067
27.353 30.92 36.852 2.97245262608
27.362 29.943 35.76 2.97245262608
28.109 30.701 34.657 2.97245262608
26.978 34.437 37.172 2.7203848681
27.554 35.604 37.856 2.85287250891
28.643 35.158 38.837 2.73628278469
28.464 34.184 39.597 2.61895377264
26.47 36.375 38.62 2.85287250891
25.246 36.741 37.784 2.85287250891
25.53 37.85 36.77 2.85287250891
24.295 38.092 35.866 2.85287250891
23.015 38.316 36.614 2.85287250891
29.785 35.835 38.765 2.41269401738
30.902 35.503 39.626 2.57789518755
31.984 34.672 38.962 2.43285482807
33.127 34.644 39.423 2.28148428923
32.58 34.804 35.425 3.39902103994
31.321 31.038 37.959 3.54436212661
31.914 29.816 40.069 3.54436212661
33.005 29.632 41.063 3.54436212661
35.106 34.24 34.482 3.18635814682
35.745 33.743 32.203 3.00350354728
36.377 34.961 34.959 3.18635814682
35.329 36.966 36.225 3.13412054803
36.232 36.593 38.194 3.13412054803
35.4 37.382 37.536 3.08160126066
40.759 22.658 35.311 4.32767651728
41.154 22.998 36.694 4.32767651728
37.091 18.329 35.751 2.72232757201
36.093 19.102 37.903 2.72232757201
37.785 20.46 36.738 2.72232757201
39.366 16.993 33.733 2.85110369563
40.527 15.212 35.336 2.75923199067
41.212 12.543 34.685 3.0287949135
43.264 12.265 35.897 2.8243183199
40.996 11.156 34.1 3.0287949135
39.589 10.823 33.768 3.0287949135
39.506 9.367 33.348 3.0287949135
38.064 8.966 33.104 3.0287949135
37.216 9.287 34.299 3.0287949135
45.126 11.387 32.86 3.43758922265
47.071 12.753 33.125 3.54436212661
48.426 16.313 35.64 2.75923199067
45.491 17.758 35.218 2.97245262608
48.871 18.865 37.33 3.39902103994
50.239 19.84 34.542 3.54436212661
48.135 19.44 33.739 3.54436212661
52.556 17.274 38.861 3.97461189274
52.798 16.953 40.321 3.91610941646
51.942 17.299 41.187 3.86046154913
53.861 16.34 40.586 3.86046154913
50.23 21.067 40.68 2.97245262608
51.43 21.428 41.524 2.8655882766
51.689 22.601 41.77 2.75923199067
48.97 20.945 41.519 2.97245262608
48.906 19.492 41.806 2.97245262608
49.226 18.889 40.496 2.97245262608
53.352 20.705 42.771 2.72232757201
54.47 21.345 41.914 2.59344389372
55.22 22.192 42.394 2.46178430194
53.864 19.411 43.527 2.72232757201
54.459 18.49 42.607 2.53400746709
52.709 18.698 44.254 2.72232757201
55.551 21.521 39.746 2.57789518755
55.245 22.857 39.104 2.43285482807
56.114 23.445 38.465 2.28148428923
55.871 20.501 38.661 2.57789518755
54.57 25.757 38.934 2.14243103283
54.726 26.165 40.071 1.94074133197
52.221 24.982 39.16 2.32485688748
51.272 23.999 38.739 2.05369213118
51.826 26.32 38.601 2.32485688748
56.099 27.451 38.055 2.32485688748
55.417 28.73 37.532 2.14243103283
54.218 28.742 37.231 1.94074133197
57.499 27.267 37.404 2.32485688748
58.309 28.434 37.645 2.05369213118
57.365 27.059 35.914 2.32485688748
56.188 29.801 37.423 2.11633202144
57.824 31.38 36.015 1.94074133197
55.498 32.022 38.249 2.32485688748
54.183 31.879 38.816 2.05369213118
55.748 33.448 37.903 2.32485688748
56.97 33.202 34.095 2.41516305987
55.119 34.548 33.488 2.06703446881
56.982 32.47 32.743 2.41516305987
57.947 31.799 30.524 2.41516305987
58.716 33.959 31.556 2.41516305987
56.912 35.608 34.32 3.18494045613
56.321 36.926 34.182 3.28331166428
54.979 37.084 34.901 3.19656430018
54.087 37.788 34.42 3.11200838625
56.17 37.274 32.704 3.28331166428
56.451 38.72 32.438 3.19656430018
57.505 39.176 32.934 3.11200838625
55.631 39.407 31.774 3.11200838625
54.826 36.392 36.034 2.41269401738
53.605 36.482 36.837 2.57789518755
52.463 35.585 36.417 2.43285482807
51.408 35.551 37.061 2.28148428923
51.554 34.153 33.275 2.97245262608
51.353 35.623 32.968 2.97245262608
50.978 31.791 35.647 3.62225757892
50.036 29.872 36.839 3.69904372689
50.034 30.421 38.247 3.69904372689
48.963 29.822 39.089 3.63125461652
48.824 28.572 39.132 3.56629383662
48.245 30.621 39.699 3.56629383662
54.533 29.381 33.201 3.54436212661
49.916 23.964 34.509 3.97461189274
50.455 25.996 33.413 3.97461189274
57.002 22.725 35.099 2.97245262608
57.658 24.606 33.616 2.97245262608
54.091 19.542 35.667 3.54436212661
54.37 17.201 35.301 2.65003072421
55.097 14.906 35.366 2.78912757715
55.883 14.101 34.393 2.66677603688
56.904 14.568 33.867 2.5427976846
55.403 12.889 34.105 2.69295246139
52.187 14.864 33.797 2.41269401738
50.788 14.456 33.863 2.57789518755
50.521 13.507 35.011 2.43285482807
51.219 12.514 35.139 2.28148428923
49.223 12.999 37.036 2.41516305987
47.702 12.764 36.986 2.24769809506
49.612 13.683 38.415 2.41516305987
51.113 13.98 38.498 2.41516305987
49.309 12.767 39.573 2.41516305987
52.008 12.779 38.282 2.41516305987
47.202 11.738 37.681 2.85110369563
45.851 12.827 39.659 2.75923199067
45.446 10.086 38.251 2.97245262608
46.074 9.093 37.455 2.81719981417
43.483 14.133 39.209 2.78912757715
42.572 13.729 40.361 2.66677603688
42.236 14.563 41.21 2.5427976846
42.71 15.119 38.346 2.78912757715
43.616 15.742 37.309 2.78912757715
42.108 12.485 40.356 2.41269401738
41.227 12.046 41.419 2.57789518755
39.76 12.051 41.047 2.43285482807
38.971 11.327 41.649 2.28148428923
39.369 12.893 40.098 2.11633202144
37.976 12.901 39.69 2.32485688748
37.713 11.692 38.782 2.14243103283
38.413 11.455 37.791 1.94074133197
37.537 14.246 39.052 2.32485688748
36.148 14.107 38.442 2.32485688748
38.54 14.729 38.045 2.32485688748
35.641 15.38 37.868 2.32485688748
36.357 9.666 38.499 2.57789518755
35.154 9.809 37.577 2.43285482807
35.073 9.139 36.549 2.28148428923
36.051 8.578 39.547 2.57789518755
34.909 8.983 40.508 2.43285482807
34.606 10.18 40.673 2.28148428923
34.269 7.987 41.132 2.46421089331
32.988 10.847 37.201 3.374854362
33.044 11.971 36.165 3.29292659605
32.159 12.838 36.107 3.21343256117
31.809 11.041 38.17 3.374854362
31.989 12.255 39.093 3.29292659605
33.083 12.414 39.702 3.21343256117
31.025 13.052 39.203 3.21343256117
34.054 11.924 35.305 2.85110369563
34.196 12.954 34.29 2.97245262608
34.307 12.443 32.849 2.8655882766
35.022 11.483 32.561 2.75923199067
33.599 13.11 31.947 1.7
33.613 12.745 30.541 2.0
35.345 12.247 28.974 1.4
32.576 13.553 29.775 2.0
30.918 13.227 30.326 1.8
36.959 14.342 29.781 2.32485688748
38.18 13.594 30.317 2.14243103283
35.953 16.427 27.784 2.32485688748
39.136 13.351 29.431 2.11633202144
41.014 12.014 28.543 2.32485688748
40.467 10.725 27.913 2.14243103283
41.065 10.515 26.524 2.32485688748
40.794 9.55 28.831 2.32485688748
43.507 14.179 27.235 3.02722347308
45.382 13.202 29.039 3.02722347308
44.117 12.953 27.004 3.02722347308
45.056 12.467 27.913 2.98417189675
45.683 11.254 27.704 2.93964069245
41.099 19.331 33.913 3.39902103994
43.199 20.044 34.242 3.48587667591
38.289 21.821 26.74 4.15863791428
37.828 20.688 25.842 4.10530006652
38.316 19.559 26.055 4.05475951182
36.999 20.928 24.919 4.05475951182
43.912 23.571 33.728 2.53400746709
35.004 33.339 27.178 2.57572842164
33.954 33.801 26.301 2.72232757201
34.125 35.237 25.911 2.59344389372
33.197 35.86 25.444 2.46178430194
32.572 33.538 26.922 2.72232757201
32.342 32.07 27.258 2.59344389372
32.895 31.508 28.408 2.65002772709
31.66 31.218 26.379 2.65002772709
35.572 37.118 25.644 3.69904372689
35.571 37.999 26.887 3.69904372689
35.571 39.479 26.564 3.63125461652
36.512 39.963 25.915 3.56629383662
34.628 40.172 26.993 3.56629383662
36.972 37.594 23.738 2.41269401738
37.892 38.25 21.583 2.57789518755
39.058 38.913 20.976 2.57789518755
37.408 37.105 20.7 2.57789518755
38.911 39.459 24.564 2.85110369563
39.258 41.555 25.787 2.97245262608
37.805 36.269 30.127 3.09401308242
36.798 36.426 29.449 3.00350354728
37.869 35.395 31.126 3.11352764288
49.392 40.011 26.447 4.23203245328
52.142 35.423 26.32 3.54436212661
52.775 36.758 26.48 3.54436212661
51.993 37.64 27.399 3.54436212661
52.577 39.01 27.265 3.54436212661
56.136 32.867 26.269 3.94130856496
57.972 34.152 27.087 3.89046738633
59.125 25.851 11.999 3.18635814682
59.31 27.74 10.419 3.18635814682
59.748 17.202 13.073 3.18635814682
61.013 17.334 12.237 3.18635814682
61.116 16.18 11.227 3.18635814682
59.89 16.086 10.365 3.18635814682
56.808 14.142 13.105 1.4
51.581 17.009 16.225 1.86
58.017 12.428 14.879 2.78912757715
59.282 12.309 15.76 2.78912757715
60.033 10.984 15.552 2.66677603688
60.286 10.563 14.417 2.5427976846
60.369 10.312 16.656 2.69295246139
56.415 10.825 13.975 2.7203848681
57.015 8.052 13.245 2.61895377264
54.484 9.786 12.879 2.85287250891
53.676 12.173 12.632 2.78727419845
52.188 10.565 13.576 2.78727419845
51.198 11.546 13.706 2.78727419845
50.47 13.786 13.45 2.68307619189
56.367 6.22 15.263 2.97245262608
55.935 5.448 14.003 2.8655882766
54.794 5.591 13.544 2.75923199067
55.872 5.602 16.577 2.97245262608
56.372 6.365 17.813 2.97245262608
55.538 6.036 19.037 2.97245262608
55.923 6.882 20.245 2.97245262608
57.294 6.555 20.703 2.97245262608
56.849 4.638 13.468 2.41269401738
56.682 3.933 12.18 2.57789518755
55.919 2.631 11.854 2.43285482807
54.829 2.372 12.387 2.28148428923
58.057 3.802 11.523 2.57789518755
58.969 3.203 12.461 2.36497245057
58.564 5.172 11.086 2.57789518755
56.472 1.914 10.851 2.57572842164
55.978 0.643 10.288 2.72232757201
56.213 -0.583 11.174 2.59344389372
57.361 -0.728 11.651 2.46178430194
56.598 0.39 8.887 2.72232757201
58.02 0.225 8.913 2.53400746709
