1znf_hydAtom_GRPY               Title
20.                             Temperature, centigrade
0.010                           Solvent viscosity
2957.77                         Molecular weight
0.722                           Specific volume of macromolecule
1.0                             Solution density
1.E-8                           Unit length in cm
928                             no of beads
-17.784 23.766 -11.926 2.11633202144
-16.565 24.479 -12.267 2.32485688748
-15.586 23.567 -13.01 2.14243103283
-15.984 22.544 -13.565 1.94074133197
-18.035 23.798 -10.958 1.84630452267
-16.806 25.342 -12.888 1.84630452267
-16.095 24.859 -11.36 1.84630452267
-14.324 23.971 -12.998 1.99639670258
-13.286 23.203 -13.664 2.22693058289
-11.923 23.86 -13.438 2.02565795104
-11.509 24.722 -14.212 1.79544509739
-13.571 23.074 -15.161 2.22693058289
-12.527 22.387 -15.846 1.9255854327
-14.009 24.805 -12.544 1.68355989822
-13.316 22.216 -13.202 1.68355989822
-14.511 22.542 -15.307 1.68355989822
-13.696 24.067 -15.594 1.68355989822
-12.573 22.583 -16.825 1.68355989822
-11.263 23.429 -12.373 1.99639670258
-9.955 23.964 -12.035 2.22693058289
-9.346 23.169 -10.879 2.02565795104
-10.066 22.682 -10.009 1.79544509739
-10.045 25.447 -11.67 2.22693058289
-8.761 26.017 -11.43 1.9255854327
-11.606 22.728 -11.748 1.68355989822
-9.354 23.849 -12.937 1.68355989822
-10.537 25.99 -12.476 1.68355989822
-10.666 25.565 -10.781 1.68355989822
-8.386 25.666 -10.571 1.68355989822
-7.312 22.333 -9.873 2.41516305987
-6.899 20.944 -10.365 2.24769809506
-7.633 19.974 -10.182 2.06703446881
-7.447 23.46 -11.619 1.98452021163
-6.427 22.894 -9.573 1.98452021163
-7.943 22.237 -8.989 1.98452021163
-5.727 20.893 -10.98 1.99639670258
-5.208 19.64 -11.5 2.22693058289
-3.698 19.75 -11.721 2.02565795104
-3.14 20.845 -11.684 1.79544509739
-5.909 19.252 -12.804 2.22693058289
-7.141 18.576 -12.567 1.9255854327
-5.137 21.688 -11.125 1.68355989822
-5.43 18.896 -10.734 1.68355989822
-6.094 20.149 -13.396 1.68355989822
-5.251 18.612 -13.392 1.68355989822
-7.867 18.987 -13.118 1.68355989822
-3.08 18.6 -11.946 1.99639670258
-1.646 18.553 -12.173 2.22693058289
-0.903 19.041 -10.928 2.02565795104
-0.88 20.238 -10.643 1.79544509739
-1.253 19.394 -13.389 2.22693058289
-1.47 18.697 -14.613 1.9255854327
-3.541 17.713 -11.975 1.68355989822
-1.418 17.505 -12.368 1.68355989822
-1.829 20.319 -13.392 1.68355989822
-0.202 19.674 -13.313 1.68355989822
-0.647 18.735 -15.179 1.68355989822
-0.313 18.09 -10.219 2.11633202144
0.429 18.408 -9.011 2.32485688748
1.242 17.203 -8.534 2.14243103283
1.444 16.249 -9.284 1.94074133197
-0.336 17.119 -10.457 1.84630452267
1.096 19.249 -9.2 1.84630452267
-0.261 18.719 -8.227 1.84630452267
1.688 17.286 -7.288 2.91219395265
2.475 16.214 -6.702 3.0287949135
0.94 14.939 -5.367 2.8243183199
3.101 16.652 -5.377 3.0287949135
4.516 16.126 -5.125 2.92608152912
5.349 16.278 -6.044 2.8243183199
4.731 15.584 -4.02 2.8243183199
1.519 18.065 -6.685 2.78120700753
3.246 15.99 -7.438 2.78120700753
3.123 17.741 -5.345 2.78120700753
2.457 16.323 -4.562 2.78120700753
1.525 14.107 -7.387 2.41269401738
1.535 11.686 -7.629 2.43285482807
1.613 11.315 -8.799 2.28148428923
-1.223 14.429 -7.853 2.57789518755
-2.749 14.338 -7.919 2.57789518755
-3.283 14.995 -9.193 2.57789518755
-4.731 15.274 -9.064 2.57789518755
2.038 14.176 -8.242 2.21447173442
-0.36 12.924 -9.134 2.21447173442
-0.92 14.823 -6.883 2.21447173442
-3.184 14.823 -7.045 2.21447173442
-2.744 15.922 -9.384 2.21447173442
-3.108 14.342 -10.047 2.21447173442
-4.912 16.222 -9.326 2.21447173442
-5.244 14.659 -9.662 2.21447173442
-5.015 15.131 -8.115 2.21447173442
2.152 11.072 -6.584 2.57572842164
2.975 9.892 -6.788 2.72232757201
2.264 7.988 -8.067 2.46178430194
3.815 9.774 -5.527 2.72232757201
3.106 10.613 -4.475 2.72232757201
2.083 11.483 -5.185 2.72232757201
3.544 10.002 -7.603 2.40458343712
4.829 10.137 -5.697 2.40458343712
3.823 11.23 -3.933 2.40458343712
-0.694 7.622 -10.712 2.5427976846
-1.003 10.322 -9.701 2.78912757715
-2.067 11.088 -10.26 2.61066977765
-0.312 10.03 -10.491 2.4893021431
-1.795 12.047 -10.335 2.4893021431
-2.786 7.259 -9.933 2.11633202144
-3.037 6.13 -10.813 2.32485688748
-2.416 4.87 -10.206 2.14243103283
-1.622 4.19 -10.856 1.94074133197
-2.406 6.352 -12.189 2.32485688748
-3.295 5.784 -13.297 2.14243103283
-3.807 4.68 -13.213 1.94074133197
-3.448 6.597 -14.338 2.18262886222
-3.541 7.496 -9.323 1.84630452267
-4.122 6.064 -10.891 1.84630452267
-2.251 7.419 -12.353 1.84630452267
-1.425 5.878 -12.225 1.84630452267
-2.999 7.491 -14.345 1.84630452267
-4.011 6.315 -15.115 1.84630452267
-2.801 4.595 -8.969 2.11633202144
-2.292 3.429 -8.268 2.32485688748
0.086 4.132 -8.723 2.32485688748
1.721 4.22 -8.012 2.18262886222
1.798 2.625 -7.214 2.32485688748
-2.204 2.649 -9.024 1.84630452267
0.069 3.393 -9.524 1.84630452267
2.823 2.255 -7.24 1.84630452267
-6.69 0.75 -7.434 2.57789518755
-7.107 0.103 -8.756 2.57789518755
-8.517 0.538 -9.159 2.57789518755
-8.853 0.028 -10.507 2.57789518755
-3.257 1.053 -7.89 2.21447173442
-4.887 -0.407 -7.685 2.21447173442
-7.498 0.657 -6.709 2.21447173442
-6.518 1.816 -7.585 2.21447173442
-6.4 0.378 -9.539 2.21447173442
-7.071 -0.982 -8.662 2.21447173442
-9.24 0.166 -8.433 2.21447173442
-8.586 1.626 -9.148 2.21447173442
-9.215 -0.901 -10.431 2.21447173442
-8.029 0.019 -11.074 2.21447173442
-6.439 -4.543 -0.897 2.41516305987
-4.378 -5.518 0.215 2.41516305987
-6.679 -5.602 -0.807 1.98452021163
-7.256 -3.949 -0.487 1.98452021163
-5.036 -6.381 0.112 1.98452021163
-4.75 -3.056 4.178 2.43285482807
-5.781 -3.633 3.837 2.28148428923
-4.842 -0.508 3.981 2.57789518755
-6.242 -0.609 3.734 2.36497245057
-5.591 -2.127 1.845 2.21447173442
-4.586 -0.387 5.033 2.21447173442
-6.423 -0.527 2.754 2.21447173442
-3.979 -3.431 5.188 1.99639670258
-4.312 -4.595 5.992 2.22693058289
-4.002 -4.3 7.461 2.02565795104
-3.416 -3.267 7.78 1.79544509739
-5.416 -7.506 6.004 2.22693058289
-5.384 -4.764 5.892 1.68355989822
-5.165 -6.504 4.147 1.68355989822
-4.812 -8.066 6.717 1.68355989822
-5.918 -6.686 6.518 1.68355989822
-4.408 -5.227 8.316 2.11633202144
-4.181 -5.08 9.743 2.32485688748
-4.583 -3.683 10.221 2.14243103283
-5.512 -3.083 9.683 1.94074133197
-4.884 -6.065 8.048 1.84630452267
-4.752 -5.833 10.286 1.84630452267
-3.129 -5.256 9.967 1.84630452267
-3.865 -3.207 11.227 2.32219197539
-1.789 -1.413 11.952 2.17953443166
-4.61 -2.012 13.234 2.49917816808
-4.854 -0.632 13.847 2.49917816808
-6.189 -0.051 13.377 2.49917816808
-6.408 1.351 13.949 2.49917816808
-6.526 1.298 15.423 2.49917816808
-3.111 -3.703 11.66 2.10577365931
-4.954 -1.458 11.212 2.10577365931
-5.529 -2.598 13.273 2.10577365931
-3.866 -2.549 13.821 2.10577365931
-4.848 -0.706 14.934 2.10577365931
-4.043 0.041 13.569 2.10577365931
-6.21 -0.011 12.288 2.10577365931
-7.004 -0.705 13.688 2.10577365931
-7.311 1.787 13.522 2.10577365931
-7.238 0.643 15.677 2.10577365931
-5.653 1.009 15.817 2.10577365931
-2.054 1.133 10.868 2.22693058289
-2.197 2.299 11.848 2.02565795104
-3.193 2.397 12.563 1.79544509739
-2.739 0.823 7.104 2.22693058289
-0.535 0.016 8.065 2.22693058289
-4.041 0.509 10.816 1.68355989822
-1.119 0.616 11.08 1.68355989822
-2.883 2.186 9.199 1.68355989822
-3.768 0.47 7.178 1.68355989822
-1.185 3.155 11.85 2.32219197539
-1.185 4.311 12.731 2.49917816808
-3.097 5.558 13.475 2.17953443166
0.054 5.178 12.501 2.49917816808
0.086 6.306 13.373 2.27055054127
-0.378 3.069 11.266 2.10577365931
-1.161 3.904 13.742 2.10577365931
0.951 4.577 12.654 2.10577365931
0.133 6.001 14.324 2.10577365931
-3.966 6.101 10.891 2.41516305987
-5.157 5.166 10.67 2.24769809506
-5.019 3.947 10.763 2.06703446881
-2.834 8.13 9.91 2.41516305987
-3.417 9.404 9.296 2.41516305987
-2.418 10.495 9.352 2.22402568616
-2.579 11.692 8.771 2.24769809506
-3.7 11.959 8.087 2.28430885786
-1.62 12.621 8.874 2.28430885786
-4.138 6.76 11.742 1.98452021163
-2.724 8.257 10.987 1.98452021163
-1.837 7.951 9.507 1.98452021163
-1.569 10.329 9.854 1.98452021163
-3.821 12.852 7.654 1.98452021163
-0.783 12.422 9.384 1.98452021163
-1.74 13.515 8.44 1.98452021163
-6.299 5.772 10.382 2.22402568616
-7.513 5.008 10.147 2.41516305987
-7.647 4.719 8.65 2.24769809506
-8.75 5.791 10.589 2.41516305987
-10.019 4.951 10.425 2.24769809506
-10.103 3.815 10.862 2.06703446881
-10.997 5.57 9.77 2.28430885786
-7.399 4.1 10.738 1.98452021163
-8.642 6.091 11.632 1.98452021163
-10.862 6.504 9.437 1.98452021163
-11.867 5.103 9.612 1.98452021163
-8.483 3.739 8.342 2.32219197539
-8.709 3.355 6.959 2.49917816808
-9.755 2.241 6.876 2.49917816808
-9.985 1.813 5.425 2.49917816808
-9.755 0.31 5.254 2.49917816808
-10.655 -0.261 4.156 2.49917816808
-11.683 -1.152 4.74 2.49917816808
-9.0 3.212 9.016 2.10577365931
-7.774 2.948 6.576 2.10577365931
-9.426 1.384 7.464 2.10577365931
-10.693 2.585 7.311 2.10577365931
-11.003 2.065 5.125 2.10577365931
-9.955 -0.202 6.196 2.10577365931
-11.136 0.552 3.612 2.10577365931
-10.053 -0.814 3.436 2.10577365931
-11.651 -2.041 4.284 2.10577365931
-11.505 -1.271 5.716 2.10577365931
-12.588 -0.745 4.613 2.10577365931
-9.913 5.431 6.732 3.18494045613
-10.342 6.653 6.072 3.28331166428
-11.402 7.382 6.9 3.28331166428
-12.303 8.33 6.106 3.19656430018
-11.746 9.28 5.514 3.11200838625
-13.529 8.085 6.109 3.11200838625
-12.029 6.64 7.395 3.076638282
-10.902 7.951 7.684 3.076638282
-7.445 8.887 7.043 3.28331166428
-5.799 9.288 5.342 3.11200838625
-7.744 9.562 9.454 3.28331166428
-6.992 10.494 10.407 3.19656430018
-6.506 9.979 11.437 3.11200838625
-6.92 11.699 10.083 3.11200838625
-7.844 9.871 6.793 3.076638282
-8.53 10.117 8.941 3.076638282
-8.233 8.771 10.023 3.076638282
-4.51 4.254 7.148 3.36945124096
-10.286 5.877 1.131 2.78912757715
-11.75 5.559 1.442 2.78912757715
-12.33 4.587 0.412 2.78912757715
-13.8 4.497 0.555 2.78912757715
-10.183 6.935 0.889 2.4893021431
-11.828 5.127 2.439 2.4893021431
-12.333 6.48 1.447 2.4893021431
-12.077 4.921 -0.594 2.4893021431
-11.885 3.601 0.543 2.4893021431
-14.051 4.639 1.513 2.4893021431
-7.951 8.475 2.356 2.11633202144
-7.922 9.856 1.905 2.32485688748
-6.454 10.668 0.187 1.94074133197
-8.268 10.782 3.072 2.32485688748
-8.681 9.969 1.131 1.84630452267
-7.385 11.355 3.355 1.84630452267
-9.063 11.465 2.772 1.84630452267
-4.153 10.081 1.631 2.22693058289
-2.599 10.616 3.543 2.22693058289
-1.475 11.628 2.596 2.07047405937
0.069 11.196 3.38 2.22693058289
-4.055 11.164 1.55 1.68355989822
-3.404 11.23 3.945 1.68355989822
-2.077 10.179 4.395 1.68355989822
0.285 11.911 4.175 1.68355989822
-0.007 10.194 3.803 1.68355989822
-6.403 9.467 -2.769 3.28331166428
-5.833 10.869 -2.993 3.19656430018
-5.891 11.397 -4.102 3.11200838625
-7.874 9.533 -2.352 3.28331166428
-8.594 8.222 -2.672 3.28331166428
-9.914 8.485 -3.399 3.19656430018
-9.908 9.365 -4.286 3.11200838625
-10.9 7.799 -3.05 3.11200838625
-8.365 10.358 -2.869 3.076638282
-5.293 11.432 -1.921 2.32219197539
-4.713 12.762 -1.987 2.49917816808
-3.112 13.669 -3.529 2.17953443166
-4.509 13.328 -0.58 2.49917816808
-3.088 13.056 -0.081 2.49917816808
-2.14 14.187 -0.484 2.49917816808
-2.55 15.507 0.173 2.49917816808
-3.141 16.422 -0.828 2.49917816808
-5.431 13.407 -2.493 2.10577365931
-4.698 14.401 -0.584 2.10577365931
-5.23 12.881 0.104 2.10577365931
-3.094 12.951 1.004 2.10577365931
-2.143 14.3 -1.568 2.10577365931
-3.269 15.315 0.969 2.10577365931
-1.681 15.975 0.634 2.10577365931
-4.072 16.662 -0.552 2.10577365931
-2.587 17.252 -0.889 2.10577365931
-3.164 15.971 -1.72 2.10577365931
0.998 12.069 -2.005 2.97245262608
0.506 12.915 -1.525 2.7140117378
-3.534 10.557 -6.524 2.41516305987
-3.938 9.089 -6.672 2.24769809506
-4.61 8.72 -7.633 2.06703446881
-4.381 11.197 -6.771 1.98452021163
-6.105 7.534 -5.396 2.06703446881
-7.812 4.916 -5.771 2.57789518755
-8.528 6.244 -6.026 2.57789518755
-8.224 6.769 -7.431 2.57789518755
-9.448 6.643 -8.34 2.57789518755
-9.045 6.202 -9.694 2.57789518755
-7.223 4.642 -6.646 2.21447173442
-8.547 4.125 -5.622 2.21447173442
-9.604 6.109 -5.909 2.21447173442
-7.915 7.813 -7.374 2.21447173442
-7.39 6.213 -7.859 2.21447173442
-10.154 5.93 -7.914 2.21447173442
-9.963 7.602 -8.402 2.21447173442
-8.692 5.267 -9.649 2.21447173442
-8.333 6.811 -10.045 2.21447173442
-7.493 3.77 -2.565 2.22402568616
-9.564 1.907 -2.724 2.06703446881
-8.963 1.537 1.437 2.41516305987
-7.99 4.572 -2.234 1.98452021163
-9.621 1.2 0.637 1.98452021163
-8.86 -0.781 -2.666 2.57789518755
-8.995 -1.87 -1.599 2.43285482807
-8.308 -1.833 -0.579 2.28148428923
-8.228 -1.28 -3.967 2.57789518755
-9.081 -2.342 -4.383 2.36497245057
-9.864 -0.407 -2.869 2.21447173442
-8.141 -0.471 -4.693 2.21447173442
-8.988 -2.491 -5.367 2.21447173442
-9.884 -2.813 -1.871 2.22402568616
-10.117 -3.91 -0.948 2.41516305987
-9.439 -5.192 -1.436 2.24769809506
-8.996 -6.01 -0.631 2.06703446881
-10.438 -2.836 -2.703 1.98452021163
-9.737 -3.647 0.039 1.98452021163
-8.763 -6.495 -3.358 2.41516305987
-9.483 -6.78 -4.678 2.41516305987
-10.854 -6.9 -4.307 2.16754538317
-9.131 -8.153 -5.253 2.41516305987
-9.743 -4.658 -3.401 1.98452021163
-8.893 -7.341 -2.683 1.98452021163
-9.288 -5.991 -5.405 1.98452021163
-11.394 -7.206 -5.09 1.98452021163
-8.717 -8.782 -4.465 1.98452021163
-10.03 -8.62 -5.656 1.98452021163
-6.507 -7.336 -3.246 2.57572842164
-4.43 -8.289 -2.4 2.72232757201
-6.871 -8.219 -2.952 2.40458343712
-5.016 -8.853 -6.799 2.49917816808
-4.831 -7.585 -8.829 2.17953443166
-5.912 -9.998 -7.275 2.49917816808
-5.661 -11.267 -6.458 2.34393302806
-5.692 -12.386 -7.175 2.37766287277
-6.958 -9.706 -7.188 2.10577365931
-5.723 -10.197 -8.33 2.10577365931
-5.867 -12.346 -8.159 2.10577365931
-5.539 -13.269 -6.731 2.10577365931
-6.368 -5.481 -7.86 2.57789518755
-5.751 -4.274 -7.15 2.43285482807
-7.883 -5.375 -8.049 2.57789518755
-8.411 -6.528 -8.904 2.57789518755
-9.164 -6.003 -10.128 2.57789518755
-9.693 -7.157 -10.983 2.57789518755
-8.609 -7.725 -11.816 2.57789518755
-5.925 -5.562 -8.852 2.21447173442
-8.128 -4.424 -8.523 2.21447173442
-9.073 -7.155 -8.307 2.21447173442
-9.994 -5.374 -9.807 2.21447173442
-8.502 -5.377 -10.726 2.21447173442
-10.11 -7.932 -10.34 2.21447173442
-10.502 -6.803 -11.621 2.21447173442
-7.724 -7.517 -11.398 2.21447173442
-8.648 -7.324 -12.731 2.21447173442
-4.491 -4.431 -6.773 2.22402568616
-3.777 -3.367 -6.088 2.41516305987
-2.341 -3.303 -6.611 2.24769809506
-1.832 -4.28 -7.159 2.06703446881
-3.96 -5.264 -6.929 1.98452021163
-0.36 -1.94 -6.869 2.57789518755
1.756 -2.27 -5.783 2.28148428923
-0.23 -0.645 -7.673 2.57789518755
1.127 -0.347 -7.99 2.36497245057
-0.136 -2.79 -7.512 2.21447173442
-0.807 -0.731 -8.594 2.21447173442
1.694 -0.419 -7.17 2.21447173442
2.886 0.217 -4.436 2.7140117378
4.304 -1.13 -3.391 2.7140117378
2.221 -3.873 9.445 2.57789518755
1.46 -3.598 10.743 2.57789518755
0.805 -2.215 10.756 2.57789518755
2.925 -3.063 9.257 2.21447173442
2.108 -3.73 11.61 2.21447173442
-0.081 -4.548 11.596 2.21447173442
0.603 -1.918 11.785 2.21447173442
1.476 -1.491 10.294 2.21447173442
6.324 -5.897 11.004 2.32485688748
7.105 -7.163 11.364 2.32485688748
8.598 -6.987 11.078 2.32485688748
8.902 -7.212 9.595 2.32485688748
9.797 -6.15 9.083 2.32485688748
4.578 -4.236 10.459 1.84630452267
6.969 -5.213 10.451 1.84630452267
6.02 -5.381 11.915 1.84630452267
6.958 -7.397 12.419 1.84630452267
8.912 -5.984 11.369 1.84630452267
9.173 -7.689 11.681 1.84630452267
9.368 -8.187 9.458 1.84630452267
10.388 -5.827 9.822 1.84630452267
10.36 -6.518 8.343 1.84630452267
1.854 -7.62 13.48 2.32485688748
2.579 -7.789 14.817 2.32485688748
2.335 -6.585 15.729 2.32485688748
1.91 -7.035 17.129 2.32485688748
2.687 -6.315 18.162 2.32485688748
3.409 -6.252 12.138 1.84630452267
3.36 -8.934 12.759 1.84630452267
0.886 -8.12 13.521 1.84630452267
2.234 -8.699 15.309 1.84630452267
3.648 -7.907 14.642 1.84630452267
3.243 -5.986 15.796 1.84630452267
1.563 -5.948 15.298 1.84630452267
0.846 -6.848 17.27 1.84630452267
2.062 -8.109 17.234 1.84630452267
2.064 -5.797 18.748 1.84630452267
3.195 -6.975 18.717 1.84630452267
3.329 -5.688 17.721 1.84630452267
1.159 -8.052 10.469 3.62225757892
0.318 -8.56 9.398 3.69904372689
-1.836 -7.483 8.648 3.69904372689
-2.34 -8.82 8.1 3.63125461652
-2.288 -9.804 8.869 3.56629383662
-2.178 -7.354 9.675 3.53946452616
3.673 -11.939 6.927 2.46178430194
5.077 -9.591 5.557 2.72232757201
5.335 -10.52 6.066 2.40458343712
3.879 -12.024 9.698 3.08311555793
2.737 -13.036 9.805 2.98417189675
2.965 -14.243 9.752 2.88653560143
4.361 -11.593 11.084 3.08311555793
5.89 -11.583 11.154 3.08311555793
6.373 -11.64 12.605 2.98417189675
5.89 -12.537 13.329 2.88653560143
7.214 -10.785 12.957 2.88653560143
4.713 -12.463 9.15 2.84530335529
3.964 -12.272 11.839 2.84530335529
6.288 -12.433 10.601 2.84530335529
6.273 -10.682 10.675 2.84530335529
0.353 -13.349 10.068 2.57789518755
0.046 -15.424 8.901 2.28148428923
-0.886 -12.5 10.363 2.57789518755
-1.162 -12.437 11.867 2.57789518755
-0.693 -11.105 12.455 2.57789518755
0.476 -11.313 13.42 2.57789518755
0.017 -11.198 14.823 2.57789518755
0.504 -14.007 10.924 2.21447173442
-1.75 -12.92 9.848 2.21447173442
-2.229 -12.564 12.05 2.21447173442
-0.652 -13.26 12.368 2.21447173442
-1.519 -10.623 12.977 2.21447173442
0.92 -12.295 13.257 2.21447173442
0.738 -10.781 15.376 2.21447173442
-0.803 -10.626 14.859 2.21447173442
-0.195 -12.107 15.18 2.21447173442
-1.28 -15.996 5.715 1.94074133197
1.293 -15.316 6.304 2.32485688748
2.593 -14.741 5.738 2.32485688748
2.644 -14.973 3.969 2.18262886222
1.476 -15.734 7.293 1.84630452267
0.947 -16.133 5.671 1.84630452267
3.449 -15.23 6.202 1.84630452267
-3.547 -14.651 6.594 2.41516305987
-3.985 -14.67 5.128 2.24769809506
-4.509 -13.742 7.362 2.41516305987
-5.693 -14.538 7.915 2.24769809506
-5.654 -15.751 8.04 2.06703446881
-6.744 -13.79 8.238 2.28430885786
-3.524 -15.647 7.035 1.98452021163
-3.979 -13.255 8.181 1.98452021163
-6.71 -12.798 8.111 1.98452021163
-7.568 -14.219 8.609 1.98452021163
-5.258 -14.975 4.927 1.99639670258
-5.812 -15.03 3.585 2.22693058289
-5.652 -13.664 2.915 2.02565795104
-5.332 -13.583 1.73 1.79544509739
-7.257 -15.532 3.622 2.22693058289
-8.033 -14.885 4.771 2.22693058289
-8.186 -15.855 5.944 2.22693058289
-9.635 -16.328 6.078 2.22693058289
-10.51 -15.209 6.493 2.22693058289
-5.231 -15.761 3.022 1.68355989822
-7.748 -15.308 2.675 1.68355989822
-7.267 -16.616 3.737 1.68355989822
-9.017 -14.574 4.42 1.68355989822
-7.531 -16.714 5.798 1.68355989822
-9.98 -16.735 5.127 1.68355989822
-9.694 -17.134 6.809 1.68355989822
-10.29 -14.944 7.431 1.68355989822
-10.365 -14.429 5.883 1.68355989822
-5.769 -11.265 3.201 2.22693058289
-4.16 -10.744 1.497 1.79544509739
-6.197 -10.26 4.273 2.22693058289
-7.639 -10.512 4.715 2.22693058289
-8.629 -10.466 7.034 2.22693058289
-9.947 -11.139 7.073 2.22693058289
-6.465 -11.165 2.369 1.68355989822
-6.103 -9.247 3.883 1.68355989822
-8.179 -9.566 4.762 1.68355989822
-8.147 -11.133 3.977 1.68355989822
-6.68 -11.226 6.511 1.68355989822
-8.199 -10.438 8.035 1.68355989822
-8.752 -9.432 6.711 1.68355989822
-9.907 -11.913 7.705 1.68355989822
-10.181 -11.468 6.158 1.68355989822
-2.803 -15.359 1.281 2.91388939885
-1.999 -16.413 2.044 2.91388939885
-1.648 -17.596 1.14 2.80242708673
-1.026 -17.34 0.086 2.69092106381
-2.01 -18.73 1.522 2.69092106381
-3.127 -15.766 0.323 2.64331341772
-2.575 -16.764 2.901 2.64331341772
-5.04 -11.495 -1.649 2.91388939885
-6.154 -12.403 -1.124 2.91388939885
-6.976 -12.985 -2.276 2.80242708673
-6.478 -13.948 -2.899 2.69092106381
-8.083 -12.454 -2.508 2.69092106381
-4.916 -10.642 -0.983 2.64331341772
-5.721 -13.212 -0.536 2.64331341772
-6.805 -11.837 -0.458 2.64331341772
2.391 -13.425 -3.773 2.46178430194
3.165 -14.313 -0.792 2.72232757201
3.781 -14.787 0.526 2.72232757201
5.186 -15.35 0.304 2.72232757201
5.134 -16.543 -0.57 2.72232757201
2.918 -15.174 -1.413 2.40458343712
3.893 -13.72 -1.344 2.40458343712
3.145 -15.551 0.975 2.40458343712
5.822 -14.589 -0.147 2.40458343712
5.634 -15.613 1.262 2.40458343712
5.846 -16.476 -1.269 2.40458343712
4.238 -16.595 -1.011 2.40458343712
-0.191 -14.056 -4.587 3.13558669588
0.051 -13.099 -5.756 3.04008465649
0.593 -13.496 -6.787 2.9461805266
-1.644 -14.533 -4.56 3.13558669588
-1.911 -15.411 -3.336 3.13558669588
-2.495 -16.764 -3.749 3.04008465649
-1.703 -17.598 -4.238 2.9461805266
-3.719 -16.933 -3.565 2.9461805266
0.467 -14.921 -4.676 2.90663511069
-1.864 -15.093 -5.469 2.90663511069
-0.983 -15.564 -2.785 2.90663511069
-0.198 -10.839 -6.581 2.41516305987
1.498 -9.228 -7.122 2.06703446881
-1.312 -9.798 -6.451 2.41516305987
-0.287 -11.328 -7.552 1.98452021163
-1.466 -9.309 -7.413 1.98452021163
3.92 -8.141 -6.145 2.28148428923
4.277 -10.745 -6.556 2.57789518755
5.61 -11.294 -6.044 2.43285482807
5.666 -12.148 -5.174 2.28148428923
6.677 -10.759 -6.63 2.46421089331
3.784 -11.494 -7.175 2.21447173442
4.457 -9.877 -7.191 2.21447173442
7.595 -11.053 -6.364 2.21447173442
0.361 -6.923 -5.194 2.57789518755
3.036 -6.411 -4.903 2.21447173442
0.667 -6.33 -6.056 2.21447173442
-1.653 -6.78 -5.947 2.21447173442
5.859 -2.955 -2.732 2.65207782941
6.771 -2.166 -3.675 2.65207782941
8.871 -1.811 -5.554 2.54507232427
10.401 -2.789 -4.108 2.54507232427
4.704 -5.394 -3.944 2.31343329867
6.478 -2.343 -4.71 2.31343329867
7.938 -1.513 -5.755 2.31343329867
9.596 -1.676 -6.229 2.31343329867
10.61 -3.222 -3.231 2.31343329867
11.126 -2.655 -4.784 2.31343329867
5.521 1.026 7.266 2.97245262608
6.071 2.327 7.084 2.81719981417
5.083 0.953 8.262 2.7140117378
6.318 0.284 7.214 2.7140117378
3.131 4.942 6.552 3.33906215107
1.289 3.917 7.936 3.41882014206
-0.252 5.881 7.575 3.33906215107
-0.385 6.358 8.722 3.26182836231
-0.232 6.53 6.507 3.26182836231
3.094 2.18 7.854 3.22968158509
1.206 2.987 8.498 3.22968158509
1.704 4.663 8.615 3.22968158509
5.24 5.99 7.105 3.28331166428
6.587 5.599 7.715 3.28331166428
6.522 5.096 9.159 3.19656430018
5.985 5.85 9.999 3.11200838625
7.01 3.969 9.389 3.11200838625
4.574 4.135 7.778 3.076638282
4.789 6.812 7.661 3.076638282
7.25 6.463 7.677 3.076638282
0.967 7.369 3.326 3.54436212661
3.41 9.052 4.615 2.22402568616
3.915 10.264 5.236 2.41516305987
4.176 10.048 6.728 2.41516305987
5.007 11.193 7.31 2.41516305987
4.189 12.484 7.379 2.24769809506
3.502 12.763 8.348 2.06703446881
4.301 13.254 6.3 2.28430885786
3.123 11.003 5.115 1.98452021163
3.227 9.975 7.26 1.98452021163
5.354 10.924 8.308 1.98452021163
5.894 11.352 6.697 1.98452021163
3.804 14.12 6.25 1.98452021163
9.161 8.985 4.041 3.91610941646
8.891 9.119 5.254 3.86046154913
10.307 8.908 3.548 3.86046154913
7.492 10.944 3.642 3.83760197227
5.177 11.795 -1.602 2.28148428923
4.753 8.279 -2.231 2.57789518755
6.452 9.646 -0.995 2.21447173442
4.895 9.16 -2.857 2.21447173442
3.939 13.065 0.538 2.57789518755
5.025 14.065 0.942 2.43285482807
5.069 15.181 0.426 2.28148428923
2.734 13.184 1.473 2.57789518755
1.592 13.716 0.807 2.36497245057
3.62 13.242 -0.49 2.21447173442
2.992 13.824 2.317 2.21447173442
1.728 14.689 0.618 2.21447173442
6.957 14.47 2.339 2.32485688748
8.289 13.75 2.128 2.14243103283
9.003 13.462 3.088 1.94074133197
6.714 14.829 3.807 2.32485688748
6.951 15.386 1.749 1.84630452267
7.67 14.912 4.324 1.84630452267
6.185 15.78 3.866 1.84630452267
8.585 13.478 0.866 2.41269401738
9.82 12.796 0.516 2.57789518755
10.044 12.861 -0.996 2.43285482807
9.177 12.463 -1.773 2.28148428923
9.798 11.341 0.988 2.57789518755
11.108 10.842 1.242 2.36497245057
7.999 13.715 0.091 2.21447173442
10.607 13.336 1.043 2.21447173442
11.559 13.487 -2.774 2.32485688748
12.354 12.263 -3.234 2.14243103283
13.312 12.391 -3.995 1.94074133197
12.312 14.806 -2.961 2.32485688748
13.619 14.534 -2.462 2.05369213118
11.787 15.915 -2.047 2.32485688748
11.911 13.686 -0.73 1.84630452267
10.638 13.508 -3.356 1.84630452267
12.293 15.12 -4.005 1.84630452267
13.59 14.425 -1.469 1.84630452267
10.698 15.906 -2.054 1.84630452267
12.146 15.748 -1.031 1.84630452267
12.145 16.88 -2.405 1.84630452267
11.725 9.1 -4.118 2.43285482807
10.511 9.291 -4.172 2.28148428923
13.867 9.822 -0.934 2.57789518755
15.087 8.973 -0.574 2.57789518755
16.089 8.933 -1.729 2.57789518755
17.443 9.296 -1.254 2.57789518755
13.533 10.114 -3.581 2.21447173442
14.19 10.738 -1.43 2.21447173442
13.344 10.119 -0.025 2.21447173442
15.568 9.38 0.316 2.21447173442
14.77 7.959 -0.328 2.21447173442
15.776 9.623 -2.514 2.21447173442
17.557 10.288 -1.299 2.21447173442
17.558 8.989 -0.309 2.21447173442
18.129 8.855 -1.834 2.21447173442
12.387 8.255 -4.894 2.41269401738
11.697 7.466 -5.901 2.57789518755
12.687 6.852 -6.893 2.57789518755
13.596 7.82 -7.409 2.36497245057
11.049 8.169 -6.424 2.21447173442
12.139 6.394 -7.716 2.21447173442
14.067 8.283 -6.658 2.21447173442
7.629 4.88 -6.215 2.32485688748
6.715 7.206 -6.553 2.32485688748
9.345 6.626 -6.59 1.84630452267
7.995 4.986 -7.236 1.84630452267
5.599 5.4 -6.641 1.84630452267
7.513 7.648 -5.957 1.84630452267
7.028 7.153 -7.596 1.84630452267
11.918 1.883 -7.029 2.41516305987
11.362 0.779 -7.93 2.41516305987
10.184 1.291 -8.762 2.24769809506
10.262 2.306 -9.436 2.06703446881
9.093 0.535 -8.678 2.28430885786
10.176 3.67 -6.903 1.98452021163
12.006 2.81 -7.595 1.98452021163
12.921 1.616 -6.697 1.98452021163
12.148 0.415 -8.592 1.98452021163
11.041 -0.066 -7.321 1.98452021163
9.096 -0.285 -8.107 1.98452021163
8.27 0.788 -9.186 1.98452021163
13.339 3.515 -3.18 3.13558669588
12.687 2.883 -0.957 2.9461805266
14.206 4.766 -3.332 3.13558669588
15.218 4.597 -4.468 3.13558669588
16.622 4.338 -3.917 3.04008465649
17.129 5.236 -3.21 2.9461805266
17.157 3.248 -4.215 2.9461805266
13.984 2.639 -3.118 2.90663511069
14.732 4.965 -2.399 2.90663511069
14.917 3.768 -5.108 2.90663511069
15.227 5.492 -5.089 2.90663511069
8.582 7.984 -1.64 2.72232757201
10.331 7.541 0.144 2.72232757201
11.42 7.505 0.128 2.40458343712
6.904 1.647 -5.377 1.86
6.943 1.532 -6.46 1.2
5.175 2.882 -5.433 1.2
12.838 0.312 1.184 2.02565795104
13.328 -0.316 2.121 1.79544509739
13.633 -0.585 -1.081 2.22693058289
14.123 -1.525 -3.369 2.22693058289
14.31 -3.003 -1.316 2.22693058289
14.554 -0.618 -0.499 1.68355989822
15.208 -1.438 -3.327 1.68355989822
13.849 -2.333 -4.048 1.68355989822
14.022 -3.931 -1.809 1.68355989822
15.387 -2.86 -1.41 1.68355989822
14.042 -3.055 -0.26 1.68355989822
12.597 1.615 1.198 2.11633202144
12.907 2.42 2.367 2.32485688748
11.835 2.194 3.435 2.14243103283
11.986 2.634 4.574 1.94074133197
13.021 3.89 1.958 2.32485688748
13.87 2.088 2.754 1.84630452267
13.854 4.351 2.49 1.84630452267
9.68 1.219 3.938 3.18635814682
10.17 5.261 5.647 3.13412054803
10.179 5.712 4.36 3.08160126066
10.116 1.116 4.932 2.96548237867
9.513 3.467 6.457 2.96548237867
10.531 5.806 6.519 2.96548237867
9.862 -1.054 3.158 1.99639670258
10.163 -3.474 4.733 1.79544509739
9.639 -4.18 1.025 2.22693058289
11.666 -3.313 2.28 2.22693058289
9.293 -3.882 -0.435 2.22693058289
10.855 -0.941 3.12 1.68355989822
10.311 -5.037 1.075 1.68355989822
11.883 -2.642 3.111 1.68355989822
11.66 -4.343 2.638 1.68355989822
9.15 -4.819 -0.974 1.68355989822
7.757 -6.029 4.893 2.24769809506
8.028 -6.904 5.713 2.06703446881
7.309 -2.586 7.624 2.41516305987
4.898 -1.823 7.93 1.98452021163
8.263 -2.345 7.156 1.98452021163
7.013 -1.774 8.287 1.98452021163
7.561 -7.598 3.063 2.32485688748
8.885 -7.822 2.33 2.14243103283
9.626 -6.874 2.076 1.94074133197
7.482 -8.262 3.923 1.84630452267
9.142 -9.082 2.011 2.11633202144
10.364 -9.443 1.312 2.32485688748
10.073 -9.657 -0.175 2.14243103283
10.993 -9.708 -0.99 1.94074133197
10.992 -10.701 1.916 2.32485688748
12.364 -10.505 2.248 2.05369213118
8.533 -9.847 2.221 1.84630452267
11.037 -8.598 1.453 1.84630452267
10.44 -10.988 2.811 1.84630452267
10.905 -11.525 1.209 1.84630452267
12.858 -11.372 2.189 1.84630452267
8.366 -9.982 -1.857 2.41516305987
7.91 -8.635 -2.419 2.24769809506
8.196 -7.588 -1.841 2.06703446881
7.286 -11.062 -1.942 2.41516305987
5.918 -11.255 1.02 2.32218807228
5.089 -11.197 2.147 2.32218807228
9.226 -10.349 -2.419 1.98452021163
7.215 -11.412 -2.972 1.98452021163
7.592 -11.916 -1.336 1.98452021163
6.918 -11.686 1.05 1.98452021163
5.476 -11.604 3.082 1.98452021163
6.707 -7.503 -4.187 2.72232757201
7.695 -6.995 -5.239 2.59344389372
8.234 -5.897 -5.111 2.46178430194
7.903 -7.819 -6.255 1.99639670258
8.817 -7.468 -7.329 2.22693058289
8.186 -7.84 -8.672 2.02565795104
7.031 -8.259 -8.724 1.79544509739
10.161 -8.163 -7.104 2.22693058289
8.97 -6.389 -7.295 1.68355989822
10.733 -8.158 -8.032 1.68355989822
10.718 -7.635 -6.33 1.68355989822
9.989 -9.192 -6.788 1.68355989822
8.972 -7.673 -9.725 2.78727690768
8.505 -7.986 -11.065 2.91388939885
7.896 -9.389 -11.101 2.80242708673
8.584 -10.375 -10.84 2.69092106381
9.637 -7.853 -12.086 2.91388939885
9.984 -6.383 -12.331 2.91388939885
11.474 -6.216 -12.639 2.80242708673
11.923 -6.841 -13.624 2.69092106381
12.129 -5.468 -11.882 2.69092106381
9.91 -7.331 -9.674 2.64331341772
7.737 -7.243 -11.285 2.64331341772
10.519 -8.384 -11.727 2.64331341772
9.342 -8.323 -13.024 2.64331341772
9.392 -6.0 -13.162 2.64331341772
9.722 -5.792 -11.454 2.64331341772
6.612 -9.434 -11.426 1.86000608385
5.903 -10.7 -11.499 2.11953941158
4.648 -10.528 -12.357 1.89360203896
4.155 -9.414 -12.525 1.62182580604
5.597 -11.211 -10.089 2.11953941158
4.405 -12.169 -10.1 2.11953941158
6.828 -11.874 -9.467 2.11953941158
6.06 -8.628 -11.636 1.48123575012
6.563 -11.42 -11.983 1.48123575012
5.332 -10.353 -9.472 1.48123575012
4.596 -12.979 -10.804 1.48123575012
4.262 -12.583 -9.101 1.48123575012
3.507 -11.629 -10.401 1.48123575012
6.514 -12.554 -8.676 1.48123575012
7.366 -12.432 -10.234 1.48123575012
4.168 -11.648 -12.878 2.22402568616
2.98 -11.635 -13.714 2.41516305987
1.952 -10.672 -13.119 2.24769809506
1.303 -10.989 -12.123 2.06703446881
2.449 -13.056 -13.912 2.41516305987
2.396 -13.42 -15.397 2.41516305987
1.317 -12.613 -16.122 2.41516305987
0.412 -13.527 -16.95 2.41516305987
-0.962 -13.533 -16.398 2.41516305987
4.575 -12.55 -12.736 1.98452021163
3.276 -11.262 -14.695 1.98452021163
3.087 -13.764 -13.383 1.98452021163
1.453 -13.14 -13.478 1.98452021163
3.367 -13.231 -15.856 1.98452021163
2.194 -14.486 -15.507 1.98452021163
0.719 -12.064 -15.395 1.98452021163
1.786 -11.874 -16.772 1.98452021163
0.392 -13.188 -17.986 1.98452021163
0.814 -14.54 -16.954 1.98452021163
-0.926 -13.362 -15.414 1.98452021163
-1.502 -12.819 -16.842 1.98452021163
0.898 -8.502 -13.298 2.41516305987
-0.162 -8.251 -14.372 2.24769809506
-0.072 -8.787 -15.475 2.06703446881
1.62 -7.199 -12.949 2.41516305987
1.699 -6.993 -11.541 2.16754538317
2.368 -9.264 -14.562 1.98452021163
0.441 -8.916 -12.399 1.98452021163
2.625 -7.218 -13.37 1.98452021163
1.097 -6.361 -13.409 1.98452021163
0.945 -7.463 -11.084 1.98452021163
-1.142 -7.435 -14.011 2.11633202144
-2.218 -7.106 -14.931 2.32485688748
-1.895 -5.836 -15.721 2.14243103283
-0.736 -5.575 -16.037 1.94074133197
-1.208 -7.003 -13.112 1.84630452267
-2.38 -7.936 -15.619 1.84630452267
-3.146 -6.967 -14.375 1.84630452267
-2.97 -5.06 -16.024 2.32219197539
-2.813 -3.823 -16.771 2.49917816808
-2.222 -2.721 -15.889 2.34393302806
-1.919 -2.953 -14.72 2.17953443166
-4.205 -3.492 -17.282 2.49917816808
-5.167 -4.295 -16.421 2.49917816808
-4.358 -5.337 -15.666 2.49917816808
-2.163 -3.951 -17.521 2.10577365931
-4.407 -2.424 -17.202 2.10577365931
-4.309 -3.758 -18.334 2.10577365931
-5.692 -3.641 -15.724 2.10577365931
-5.924 -4.775 -17.04 2.10577365931
-4.513 -5.256 -14.59 2.10577365931
-4.647 -6.348 -15.954 2.10577365931
-2.076 -1.546 -16.484 1.99639670258
-1.527 -0.408 -15.767 2.22693058289
-0.057 -0.663 -15.428 2.02565795104
0.294 -1.736 -14.941 1.79544509739
-2.324 -0.123 -14.493 2.22693058289
-2.543 1.272 -14.301 1.9255854327
-2.325 -1.366 -17.436 1.68355989822
-1.621 0.436 -16.451 1.68355989822
-3.284 -0.637 -14.543 1.68355989822
-1.791 -0.528 -13.633 1.68355989822
-2.219 1.782 -15.098 1.68355989822
0.763 0.343 -15.698 1.99639670258
2.187 0.241 -15.428 2.22693058289
2.765 1.628 -15.14 2.02565795104
2.13 2.641 -15.428 1.79544509739
2.925 -0.41 -16.599 2.22693058289
3.115 0.498 -17.681 1.9255854327
0.469 1.213 -16.094 1.68355989822
2.268 -0.398 -14.548 1.68355989822
3.894 -0.776 -16.259 1.68355989822
2.362 -1.276 -16.947 1.68355989822
2.518 1.293 -17.569 1.68355989822
3.963 1.629 -14.575 2.11633202144
4.635 2.874 -14.245 2.32485688748
6.15 2.74 -14.406 2.14243103283
6.702 1.654 -14.233 1.94074133197
4.473 0.8 -14.344 1.84630452267
4.266 3.672 -14.891 1.84630452267
4.398 3.159 -13.22 1.84630452267
