1znf_hydAtom_GRPY               Title
20.                             Temperature, centigrade
0.010                           Solvent viscosity
2957.77                         Molecular weight
0.722                           Specific volume of macromolecule
1.0                             Solution density
1.E-8                           Unit length in cm
435                             no of beads
12.011 11.815 42.4 2.57572842164
12.131 10.512 41.754 2.72232757201
12.49 9.412 42.75 2.59344389372
13.084 9.655 43.809 2.46178430194
13.178 10.546 40.636 2.72232757201
13.115 9.392 39.806 2.53400746709
12.348 7.027 43.213 3.374854362
13.348 6.098 42.528 3.29292659605
13.715 5.037 43.061 3.21343256117
11.01 6.316 43.483 3.374854362
10.155 6.163 42.225 3.29292659605
10.131 7.09 41.386 3.21343256117
9.5 5.108 42.077 3.21343256117
14.755 5.747 40.563 3.18635814682
16.405 6.466 42.131 3.00350354728
14.908 6.317 39.163 3.18635814682
13.64 6.21 38.329 3.18635814682
12.571 6.641 36.105 3.18635814682
11.528 7.438 36.821 3.18635814682
16.894 4.682 40.861 2.11633202144
18.128 4.348 41.553 2.32485688748
20.312 5.31 41.658 1.94074133197
18.402 2.85 41.445 2.32485688748
18.064 2.005 42.668 2.14243103283
16.74 2.45 43.239 2.32485688748
18.052 0.535 42.307 2.32485688748
22.508 2.243 39.575 3.23418432231
20.379 1.595 38.726 3.23418432231
21.551 1.282 39.371 3.19656430018
21.772 -0.005 39.817 3.15786376808
20.198 10.726 38.393 2.97245262608
19.444 13.17 38.529 2.97245262608
19.322 14.395 37.741 2.85110369563
18.385 14.626 36.815 2.8655882766
17.461 13.714 36.543 2.88830125379
18.374 15.779 36.151 2.88830125379
20.713 12.664 33.755 3.39902103994
22.636 14.552 33.322 3.87583860819
21.965 15.287 34.483 3.87583860819
22.133 16.375 36.785 3.81424376621
20.907 16.196 36.931 3.75551382604
22.777 17.09 37.568 3.75551382604
23.885 16.371 32.346 2.65003072421
24.473 18.566 33.921 2.5427976846
24.857 18.083 30.917 2.78912757715
24.476 17.304 29.683 2.66677603688
25.427 16.568 28.986 2.72038202399
23.166 17.268 29.233 2.72038202399
25.091 15.841 27.861 2.72038202399
22.824 16.538 28.099 2.72038202399
26.925 20.739 34.509 3.39902103994
25.111 21.435 36.498 2.97245262608
26.183 22.426 36.936 2.8655882766
26.037 23.631 36.754 2.75923199067
23.962 21.356 37.495 2.97245262608
22.74 20.694 36.889 2.97245262608
21.617 20.529 37.871 2.97245262608
20.423 19.889 37.187 2.97245262608
19.272 19.706 38.115 2.97245262608
27.261 21.908 37.506 2.85110369563
28.433 22.713 37.81 2.97245262608
28.378 23.225 39.242 2.97245262608
29.049 22.348 40.127 2.81719981417
30.847 22.457 37.928 2.41269401738
32.108 21.744 37.843 2.57789518755
32.618 21.389 39.231 2.43285482807
33.767 20.978 39.415 2.28148428923
32.117 21.352 41.611 2.65207782941
32.022 19.921 42.187 2.51571213812
32.665 19.623 43.185 2.37505611705
31.31 22.307 42.482 2.65207782941
31.79 23.74 42.482 2.65207782941
30.96 24.577 43.469 2.65207782941
29.783 25.171 42.846 2.49687256947
28.562 25.144 43.366 2.51571213812
28.339 24.538 44.527 2.54507232427
27.558 25.726 42.723 2.54507232427
31.225 19.047 41.589 2.57572842164
31.085 17.684 42.121 2.72232757201
29.896 16.987 41.509 2.72232757201
32.637 16.019 42.98 2.85110369563
32.247 13.199 43.13 2.75923199067
34.597 15.069 44.126 2.97245262608
35.138 16.342 44.355 2.81719981417
35.013 10.769 43.263 1.4
33.071 9.104 44.226 2.57789518755
34.193 8.1 44.008 2.43285482807
34.856 7.695 44.961 2.28148428923
31.77 8.376 44.55 2.57789518755
30.697 9.297 45.055 2.57789518755
31.201 10.137 46.217 2.57789518755
30.06 10.885 46.847 2.57789518755
30.535 11.768 47.911 2.57789518755
35.474 6.728 42.477 2.57789518755
37.742 6.845 43.244 2.28148428923
35.227 5.991 41.17 2.57789518755
36.326 5.004 40.889 2.57789518755
37.215 3.23 39.413 2.57789518755
38.506 3.884 39.678 2.57789518755
38.537 8.724 41.372 2.0
38.861 10.032 42.074 1.74
40.011 10.459 42.091 1.4
38.804 8.897 39.878 2.0
37.946 10.335 39.154 1.8
38.013 11.886 43.415 2.78912757715
38.314 13.182 42.678 2.66677603688
38.496 14.207 43.317 2.5427976846
39.042 11.673 44.505 2.78912757715
38.47 10.918 45.552 2.61066977765
38.574 14.39 40.623 3.69904372689
39.259 14.129 39.288 3.69904372689
40.582 13.398 39.387 3.69904372689
41.116 13.059 38.024 3.63125461652
41.981 12.176 37.955 3.56629383662
40.659 13.671 37.029 3.56629383662
37.331 16.389 40.039 2.85110369563
36.193 16.169 37.57 2.75923199067
36.551 18.627 39.517 2.97245262608
37.016 19.152 40.735 2.81719981417
31.393 15.389 36.266 3.54436212661
33.555 19.394 34.646 3.28331166428
34.358 19.151 33.377 3.28331166428
35.402 18.192 33.802 3.28331166428
34.69 17.248 34.74 3.28331166428
31.826 21.05 34.335 2.91219395265
30.924 20.953 31.719 2.8243183199
30.462 23.058 34.024 3.0287949135
29.086 23.673 33.819 3.0287949135
29.107 25.151 34.159 3.0287949135
27.966 25.9 33.496 3.0287949135
26.641 25.411 33.951 3.0287949135
28.697 18.79 30.742 3.47033660994
28.108 18.248 29.809 3.39902103994
28.572 21.223 30.123 3.54436212661
27.918 22.559 30.401 3.47033660994
28.62 23.582 30.293 3.39902103994
26.708 22.583 30.726 3.39902103994
29.716 18.209 31.363 2.85110369563
30.108 16.85 31.005 2.97245262608
31.497 16.503 31.543 2.97245262608
31.558 16.66 32.944 2.81719981417
29.047 14.67 30.819 2.41269401738
29.507 12.272 32.412 2.28148428923
27.949 12.707 29.903 2.57789518755
26.973 10.764 28.704 2.57789518755
27.591 17.596 38.892 3.9283295298
25.326 17.854 38.813 3.9283295298
24.645 5.503 43.077 2.57789518755
25.298 4.564 42.073 2.57789518755
23.885 4.68 44.066 2.57789518755
26.44 3.758 42.657 2.57789518755
20.173 6.211 45.785 2.46178430194
19.525 9.1 42.456 2.72232757201
19.394 11.508 43.87 2.72232757201
21.216 7.379 48.059 2.57789518755
22.664 7.163 48.55 2.57789518755
23.393 6.216 47.63 2.57789518755
23.408 8.466 48.602 2.57789518755
19.834 7.555 50.041 2.41269401738
20.13 8.885 52.052 2.43285482807
21.217 8.358 52.28 2.28148428923
18.204 7.316 51.886 2.57789518755
16.849 7.057 51.243 2.57789518755
15.867 8.206 51.446 2.43285482807
16.14 9.163 52.182 2.28148428923
14.712 8.111 50.795 2.46421089331
20.629 10.667 53.572 2.78912757715
20.101 10.359 54.968 2.66677603688
18.879 10.237 55.166 2.5427976846
20.705 12.18 53.331 2.78912757715
21.923 12.715 53.828 2.61066977765
21.027 10.215 55.935 2.7203848681
20.672 10.006 57.343 2.85287250891
20.464 11.355 58.052 2.73628278469
19.755 11.424 59.063 2.61895377264
21.908 9.287 57.906 2.85287250891
23.076 9.697 56.979 2.85287250891
22.485 10.376 55.755 2.85287250891
21.104 13.732 58.119 2.32485688748
19.864 14.57 57.831 2.14243103283
19.661 15.618 58.45 1.94074133197
22.36 14.497 57.675 2.32485688748
23.658 13.683 57.746 2.32485688748
24.315 13.363 59.41 2.18262886222
23.045 12.321 60.13 2.32485688748
17.829 14.827 56.523 2.0
17.012 13.958 55.599 1.74
17.508 12.964 55.065 1.4
18.175 16.123 55.806 2.0
19.071 15.925 54.634 1.74
20.452 15.922 54.797 1.86
18.536 15.714 53.365 1.86
21.293 15.726 53.715 1.86
19.364 15.514 52.275 1.86
20.752 15.521 52.449 1.86
15.753 14.316 55.41 3.18494045613
14.958 13.573 54.462 3.28331166428
15.376 13.974 53.054 3.19656430018
15.833 15.098 52.821 3.11200838625
13.466 13.804 54.655 3.28331166428
12.637 12.974 53.698 3.19656430018
12.885 11.748 53.621 3.11200838625
11.769 13.543 53.0 3.11200838625
15.607 13.292 50.743 3.54436212661
16.647 12.078 48.954 2.91219395265
18.644 13.541 47.712 2.8243183199
17.14 10.692 46.973 3.0287949135
16.69 9.237 47.181 3.0287949135
15.867 8.72 45.992 3.0287949135
15.783 7.187 45.966 3.0287949135
15.222 6.627 47.227 3.0287949135
21.219 12.57 47.378 2.57789518755
22.043 12.792 48.652 2.57789518755
23.515 12.822 48.342 2.57789518755
21.622 14.075 49.329 2.57789518755
25.305 12.337 45.395 3.39902103994
22.513 13.905 43.545 3.54436212661
22.392 13.874 45.023 3.54436212661
26.71 10.142 44.443 3.18635814682
27.052 8.81 45.124 3.18635814682
27.684 7.922 47.404 3.03669634378
26.573 9.798 47.483 3.13412054803
27.552 8.241 48.678 3.13412054803
26.879 9.375 48.754 3.08160126066
27.913 11.211 42.626 2.65003072421
28.448 12.919 40.933 2.78912757715
26.834 14.649 41.886 2.72038202399
25.589 15.145 41.604 2.65003072421
23.875 14.658 39.848 2.72038202399
31.242 5.798 41.699 3.94130856496
29.884 5.164 43.583 3.89046738633
32.496 10.458 35.771 3.0287949135
34.002 10.373 35.496 3.0287949135
34.783 11.507 36.081 2.92608152912
35.625 11.354 37.158 2.86177391959
34.822 12.821 35.758 2.97082099925
36.16 12.522 37.465 2.97082099925
35.689 13.427 36.631 2.91219395265
31.285 9.59 33.836 1.7
30.388 9.011 31.633 2.0
30.244 7.182 29.927 1.86
29.525 6.279 29.172 1.86
32.745 7.301 32.739 2.65003072421
33.518 6.065 32.666 2.78912757715
33.476 4.256 34.243 2.5427976846
34.891 6.267 32.013 2.78912757715
35.639 7.263 32.683 2.61066977765
36.045 7.757 37.067 1.8
31.634 0.95 35.261 2.59344389372
31.34 -0.223 35.463 2.46178430194
30.516 1.961 33.164 2.72232757201
29.113 3.901 32.222 2.65002772709
27.381 0.884 33.246 2.65002772709
26.021 0.7 33.191 2.65002772709
32.831 1.44 35.552 2.7203848681
33.833 0.589 36.162 2.85287250891
33.346 -0.056 37.454 2.73628278469
33.7 -1.193 37.742 2.61895377264
35.118 1.359 36.433 2.85287250891
35.767 1.908 35.198 2.85287250891
37.066 2.642 35.534 2.85287250891
37.701 3.282 34.296 2.85287250891
38.783 4.245 34.672 2.85287250891
32.257 0.134 39.575 2.41516305987
31.177 -0.937 39.568 2.24769809506
30.747 -1.367 40.637 2.06703446881
31.96 1.232 40.64 2.41516305987
33.051 2.28 40.647 2.41516305987
30.611 1.857 40.422 2.41516305987
29.876 -2.529 38.227 2.72232757201
28.373 -2.277 38.297 2.59344389372
27.864 -1.895 39.343 2.46178430194
27.652 -2.507 37.197 3.08160126066
26.211 -2.214 37.15 3.18635814682
25.372 -3.081 36.203 3.09401308242
25.658 -3.178 35.009 3.00350354728
25.866 0.313 39.059 3.03669634378
26.471 1.264 39.752 3.13412054803
24.305 -3.664 36.741 2.57572842164
23.379 -4.481 35.964 2.72232757201
22.119 -3.701 35.589 2.59344389372
21.006 -4.098 35.967 2.46178430194
22.963 -5.731 36.757 2.72232757201
24.036 -6.638 36.963 2.53400746709
22.286 -2.603 34.853 2.41269401738
21.142 -1.817 34.382 2.57789518755
20.574 -2.342 33.059 2.43285482807
21.189 -2.17 32.005 2.28148428923
18.79 -3.591 31.938 2.65207782941
18.301 -2.562 30.93 2.51571213812
18.789 -2.514 29.801 2.37505611705
17.607 -4.49 32.326 2.65207782941
17.905 -5.549 33.362 2.65207782941
19.05 -6.454 32.926 2.65207782941
19.552 -7.251 34.047 2.49687256947
20.775 -7.772 34.115 2.51571213812
21.637 -7.589 33.121 2.54507232427
21.135 -8.476 35.181 2.54507232427
16.706 -0.732 30.522 3.0287949135
15.195 -0.944 30.468 3.0287949135
14.801 -2.319 30.029 2.92608152912
14.488 -2.624 28.721 2.86177391959
14.68 -3.475 30.725 2.97082099925
14.187 -3.907 28.631 2.97082099925
14.295 -4.446 29.832 2.91219395265
18.912 0.736 29.419 4.89901657786
14.567 4.581 30.635 3.47033660994
13.98 5.638 30.857 3.39902103994
14.887 4.134 28.18 3.54436212661
14.689 2.63 27.998 3.47033660994
13.664 2.103 28.486 3.39902103994
15.555 1.97 27.378 3.39902103994
13.372 3.487 32.434 2.41516305987
13.389 4.114 34.762 2.06703446881
12.442 2.273 32.328 2.41516305987
13.235 1.003 32.492 2.41516305987
11.341 2.349 33.375 2.41516305987
15.809 2.859 35.313 3.54436212661
16.73 4.422 36.89 3.39902103994
16.717 1.627 35.365 3.54436212661
16.006 0.325 35.03 3.54436212661
16.916 -0.889 35.127 3.47033660994
16.959 -1.688 34.16 3.39902103994
17.581 -1.048 36.178 3.39902103994
16.883 7.712 33.686 3.39902103994
16.274 9.294 35.888 3.69904372689
16.066 9.798 37.31 3.69904372689
15.283 11.091 37.353 3.63125461652
14.478 11.32 36.432 3.56629383662
15.471 11.878 38.303 3.56629383662
16.388 11.088 34.232 2.57572842164
17.017 12.095 33.401 2.72232757201
18.115 12.314 31.285 2.46178430194
17.244 10.307 31.77 1.7
17.402 8.197 30.492 2.0
16.878 7.423 28.163 1.86
17.228 6.802 26.974 1.86
15.817 10.685 29.385 2.57572842164
15.099 11.298 28.279 2.72232757201
15.598 12.695 27.915 2.59344389372
15.596 13.058 26.745 2.46178430194
13.595 11.318 28.567 2.72232757201
13.331 11.342 29.954 2.53400746709
16.504 14.836 28.665 3.41882014206
17.922 14.889 28.116 3.33906215107
18.503 15.958 28.024 3.26182836231
16.441 15.68 29.939 3.41882014206
15.046 15.907 30.489 3.41882014206
14.401 14.627 30.948 3.33906215107
14.469 14.31 32.156 3.26182836231
13.833 13.929 30.089 3.26182836231
19.761 13.981 25.708 2.59344389372
18.771 13.654 25.058 2.46178430194
21.609 13.162 29.617 2.72232757201
20.823 14.553 25.158 2.57572842164
20.963 14.613 23.718 2.72232757201
22.288 15.264 23.321 2.72232757201
22.311 16.776 23.453 2.72232757201
23.722 17.296 23.403 2.72232757201
24.517 16.554 22.43 2.57572842164
24.558 16.828 21.128 2.59344389372
23.843 17.838 20.637 2.62109821036
25.315 16.094 20.319 2.62109821036
20.333 13.014 22.02 2.22402568616
20.05 11.688 21.501 2.41516305987
19.399 11.773 20.123 2.41516305987
19.1 10.432 19.546 2.24769809506
17.939 9.715 19.678 2.32218807228
19.987 9.622 18.752 2.24769809506
18.051 8.51 19.011 2.22402568616
19.295 8.432 18.433 2.24769809506
21.299 9.792 18.274 2.32218807228
19.869 7.417 17.657 2.32218807228
21.868 8.781 17.504 2.32218807228
21.153 7.61 17.205 2.32218807228
22.359 11.275 20.87 2.91219395265
23.561 10.453 20.738 3.0287949135
24.159 10.025 22.084 2.92608152912
24.916 9.057 22.152 2.8243183199
24.619 11.159 19.886 3.0287949135
25.122 12.429 20.522 2.92608152912
26.352 12.644 20.539 2.8243183199
24.288 13.216 21.005 2.8243183199
25.48 12.523 25.168 2.92608152912
25.34 13.745 25.391 2.8243183199
26.544 12.012 24.753 2.8243183199
19.771 8.721 24.51 2.49917816808
17.655 9.926 24.74 2.34393302806
17.289 9.276 23.772 2.17953443166
16.837 10.692 25.444 2.37766287277
23.045 6.173 21.254 2.49917816808
21.786 6.413 20.448 2.49917816808
20.668 5.436 20.8 2.34393302806
19.615 5.836 21.31 2.17953443166
20.893 4.15 20.528 2.37766287277
24.91 6.373 23.729 2.22402568616
26.147 6.06 24.428 2.41516305987
26.928 7.352 24.683 2.41516305987
28.388 7.187 25.082 2.41516305987
28.994 8.563 25.345 2.41516305987
30.329 8.484 26.081 2.41516305987
30.718 9.792 26.722 2.41516305987
23.551 1.275 25.657 2.24769809506
21.362 2.279 24.974 2.41516305987
19.968 2.483 25.523 2.41516305987
18.939 2.664 24.423 2.41516305987
17.554 2.913 25.014 2.41516305987
16.549 3.315 23.989 2.41516305987
25.451 0.821 24.274 2.41516305987
26.294 0.385 25.465 2.24769809506
26.739 -0.764 25.535 2.06703446881
26.333 1.499 23.219 2.41516305987
25.937 1.192 21.776 2.41516305987
24.621 1.889 21.404 2.41516305987
24.281 1.733 19.92 2.41516305987
23.461 2.864 19.387 2.41516305987
27.397 1.018 27.526 2.97245262608
27.407 -0.808 29.08 2.75923199067
28.537 3.141 27.264 2.81719981417
28.855 1.958 29.323 2.97245262608
24.769 -0.496 29.814 2.97245262608
25.011 -2.894 29.998 2.75923199067
24.106 -3.344 27.377 3.41882014206
25.419 -4.116 27.323 3.33906215107
25.424 -5.342 27.397 3.26182836231
23.511 -3.161 25.974 3.41882014206
21.982 -2.938 25.95 3.41882014206
21.453 -2.073 27.117 3.33906215107
21.323 -2.587 28.262 3.26182836231
21.151 -0.878 26.886 3.26182836231
26.53 -3.399 27.212 2.22402568616
27.842 -4.038 27.22 2.41516305987
28.05 -4.823 28.508 2.24769809506
28.734 -4.364 29.422 2.06703446881
28.943 -3.004 27.045 2.41516305987
