1znf_hydAtom_GRPY               Title
20.                             Temperature, centigrade
0.010                           Solvent viscosity
2957.77                         Molecular weight
0.722                           Specific volume of macromolecule
1.0                             Solution density
1.E-8                           Unit length in cm
1130                            no of beads
-17.175 -23.283 2.05 2.22402568616
-16.894 -22.371 0.91 2.41516305987
-15.629 -21.554 1.157 2.24769809506
-15.463 -20.459 0.607 2.06703446881
-18.093 -21.441 0.722 2.41516305987
-19.37 -22.166 0.329 2.41516305987
-20.285 -22.373 1.526 2.41516305987
-21.747 -22.199 1.147 2.41516305987
-22.433 -23.507 0.963 2.41516305987
-18.158 -23.61 1.958 1.98452021163
-17.039 -22.743 2.928 1.98452021163
-16.509 -24.079 1.99 1.98452021163
-16.761 -22.965 0.019 1.98452021163
-18.274 -20.914 1.648 1.98452021163
-17.86 -20.723 -0.051 1.98452021163
-19.893 -21.579 -0.412 1.98452021163
-19.113 -23.129 -0.088 1.98452021163
-20.141 -23.372 1.908 1.98452021163
-20.032 -21.653 2.289 1.98452021163
-22.246 -21.648 1.93 1.98452021163
-21.803 -21.639 0.224 1.98452021163
-22.444 -23.766 -0.045 1.98452021163
-23.414 -23.447 1.303 1.98452021163
-21.937 -24.249 1.496 1.98452021163
-14.726 -22.094 1.967 1.86000608385
-13.477 -21.415 2.266 2.11953941158
-12.632 -21.327 1.009 1.89360203896
-12.715 -22.157 3.369 2.11953941158
-12.848 -22.493 5.851 2.11953941158
-11.458 -20.636 4.915 2.11953941158
-14.894 -22.972 2.358 1.48123575012
-13.711 -20.416 2.605 1.48123575012
-13.153 -23.138 3.481 1.48123575012
-11.688 -22.273 3.053 1.48123575012
-13.57 -20.804 4.793 1.48123575012
-12.577 -22.037 6.791 1.48123575012
-12.19 -23.326 5.652 1.48123575012
-13.868 -22.844 5.902 1.48123575012
-11.466 -19.814 4.215 1.48123575012
-10.591 -21.254 4.735 1.48123575012
-11.422 -20.25 5.923 1.48123575012
-12.004 -22.376 -1.078 3.08311555793
-11.613 -20.525 -2.559 2.88653560143
-12.174 -23.729 -1.772 3.08311555793
-11.614 -24.896 -0.975 3.08311555793
-12.697 -25.712 -0.298 2.98417189675
-13.375 -26.495 -0.996 2.88653560143
-12.867 -25.569 0.931 2.88653560143
-10.973 -22.234 -0.829 2.84530335529
-13.227 -23.905 -1.937 2.84530335529
-11.669 -23.697 -2.726 2.84530335529
-11.064 -25.54 -1.645 2.84530335529
-10.946 -24.511 -0.219 2.84530335529
-13.838 -18.687 -2.539 2.34393302806
-13.539 -17.803 -3.348 2.17953443166
-15.831 -20.128 -3.017 2.49917816808
-16.43 -20.213 -4.412 2.49917816808
-16.278 -21.606 -4.999 2.49917816808
-16.031 -21.554 -6.498 2.49917816808
-14.581 -21.638 -6.826 2.49917816808
-14.358 -21.708 -1.686 2.10577365931
-16.223 -19.246 -2.534 2.10577365931
-17.481 -19.97 -4.356 2.10577365931
-15.928 -19.504 -5.052 2.10577365931
-15.442 -22.098 -4.524 2.10577365931
-17.182 -22.166 -4.811 2.10577365931
-16.544 -22.384 -6.963 2.10577365931
-16.426 -20.626 -6.884 2.10577365931
-14.443 -22.186 -7.699 2.10577365931
-14.065 -22.105 -6.053 2.10577365931
-14.189 -20.683 -6.961 2.10577365931
-13.766 -18.515 -1.226 2.22402568616
-13.329 -17.248 -0.652 2.41516305987
-13.41 -17.299 0.867 2.41516305987
-13.997 -16.477 -0.999 1.98452021163
-14.446 -17.282 1.172 1.98452021163
-9.493 -17.291 -2.817 2.02565795104
-8.831 -18.98 -1.089 2.22693058289
-6.883 -17.913 0.074 2.22693058289
-8.847 -18.707 1.403 2.22693058289
-8.179 -19.157 -1.931 1.68355989822
-7.505 -19.927 0.301 1.68355989822
-5.988 -18.366 -0.326 1.68355989822
-6.676 -17.509 1.053 1.68355989822
-8.47 -19.277 2.239 1.68355989822
-8.828 -17.655 1.645 1.68355989822
-10.268 -17.921 -3.692 2.22402568616
-10.21 -17.606 -5.119 2.41516305987
-10.736 -16.212 -5.407 2.24769809506
-10.315 -15.579 -6.38 2.06703446881
-10.992 -18.643 -5.929 2.41516305987
-10.3 -19.056 -7.217 2.41516305987
-10.553 -20.52 -7.541 2.41516305987
-10.786 -20.733 -9.03 2.41516305987
-9.68 -21.506 -9.659 2.41516305987
-9.174 -17.626 -5.425 1.98452021163
-11.13 -19.525 -5.322 1.98452021163
-11.959 -18.234 -6.18 1.98452021163
-10.677 -18.448 -8.027 1.98452021163
-9.237 -18.897 -7.111 1.98452021163
-9.694 -21.099 -7.236 1.98452021163
-11.425 -20.852 -6.999 1.98452021163
-11.711 -21.273 -9.161 1.98452021163
-10.861 -19.769 -9.512 1.98452021163
-8.996 -20.857 -10.099 1.98452021163
-10.058 -22.14 -10.391 1.98452021163
-9.189 -22.077 -8.942 1.98452021163
-12.173 -14.379 -4.78 2.41516305987
-13.466 -14.205 -3.997 2.41516305987
-12.397 -14.274 -5.828 1.98452021163
-14.129 -15.031 -4.213 1.98452021163
-13.94 -13.279 -4.284 1.98452021163
-6.046 -13.189 -1.85 2.75923199067
-5.807 -12.372 0.228 2.88830125379
-6.227 -11.86 0.949 2.7140117378
-4.906 -12.756 0.287 2.7140117378
-7.119 -13.043 -6.63 2.24769809506
-6.28 -12.34 -7.199 2.06703446881
-6.431 -15.208 -5.583 2.41516305987
-4.944 -15.407 -5.804 2.24769809506
-4.138 -14.523 -5.514 2.06703446881
-4.575 -16.571 -6.325 2.28430885786
-5.95 -13.257 -4.863 1.98452021163
-6.732 -15.806 -4.735 1.98452021163
-6.957 -15.547 -6.462 1.98452021163
-5.271 -17.228 -6.533 1.98452021163
-3.618 -16.727 -6.479 1.98452021163
-8.781 -12.654 -8.37 3.18635814682
-8.783 -10.439 -9.273 3.00350354728
-10.084 -13.311 -8.829 3.18635814682
-10.352 -13.095 -10.305 3.09401308242
-9.698 -13.765 -11.132 3.00350354728
-11.217 -12.257 -10.635 3.00350354728
-8.021 -12.846 -9.109 2.96548237867
-10.029 -14.374 -8.644 2.96548237867
-10.907 -12.894 -8.267 2.96548237867
-12.356 -9.898 -4.653 2.32485688748
-12.558 -7.792 -5.994 2.32485688748
-10.046 -8.845 -7.831 1.84630452267
-11.999 -9.7 -6.732 1.84630452267
-12.92 -9.238 -4.01 1.84630452267
-12.999 -10.691 -5.007 1.84630452267
-13.513 -7.854 -5.495 1.84630452267
-12.712 -7.585 -7.044 1.84630452267
-3.726 -10.065 -5.927 2.41516305987
-4.531 -9.824 -3.216 1.98452021163
-3.92 -10.652 -6.813 1.98452021163
-3.155 -10.655 -5.224 1.98452021163
-2.783 -8.437 -3.624 1.98452021163
-4.935 -11.059 -10.311 2.22693058289
-3.983 -11.346 -11.433 2.02565795104
-2.745 -11.911 -11.334 2.11632732207
-4.195 -11.081 -12.825 2.02565795104
-2.172 -12.013 -12.578 1.99639670258
-3.043 -11.51 -13.51 2.02565795104
-5.246 -10.524 -13.557 2.11632732207
-2.913 -11.399 -14.892 2.11632732207
-5.116 -10.413 -14.929 2.11632732207
-3.958 -10.849 -15.584 2.11632732207
-4.752 -11.78 -9.527 1.68355989822
-5.94 -11.187 -10.684 1.68355989822
-2.293 -12.225 -10.405 1.68355989822
-1.285 -12.385 -12.768 1.68355989822
-6.147 -10.181 -13.069 1.68355989822
-2.027 -11.731 -15.413 1.68355989822
-5.919 -9.984 -15.512 1.68355989822
-3.9 -10.743 -16.657 1.68355989822
-6.945 -6.112 -11.16 2.34393302806
-6.83 -5.256 -12.039 2.17953443166
-8.932 -7.618 -11.3 2.49917816808
-9.636 -8.021 -12.581 2.34393302806
-9.156 -8.876 -13.325 2.17953443166
-10.783 -7.405 -12.845 2.37766287277
-9.324 -6.663 -10.98 2.10577365931
-11.105 -6.733 -12.207 2.10577365931
-11.26 -7.646 -13.667 2.10577365931
-6.166 -4.634 -9.427 2.57789518755
-7.486 -4.442 -7.302 2.57789518755
-6.868 -3.876 -9.728 2.21447173442
-7.941 -3.593 -7.782 2.21447173442
-2.572 -4.777 -11.981 2.66677603688
-1.776 -3.965 -12.464 2.5427976846
-0.826 -8.406 -11.425 2.78912757715
-0.273 -9.106 -10.193 2.78912757715
1.063 -8.574 -9.805 2.78912757715
-1.106 -9.152 -12.155 2.4893021431
-0.061 -7.765 -11.838 2.4893021431
-0.184 -10.162 -10.405 2.4893021431
1.669 -9.348 -9.462 2.4893021431
1.521 -8.126 -10.624 2.4893021431
-3.623 -5.101 -14.137 3.374854362
-4.649 -6.04 -14.774 3.374854362
-4.473 -6.156 -16.275 3.29292659605
-3.448 -6.722 -16.71 3.21343256117
-5.361 -5.683 -17.015 3.21343256117
-2.659 -5.268 -14.593 3.18029501852
-5.643 -5.666 -14.574 3.18029501852
-5.532 -1.837 -13.714 3.54436212661
-4.224 0.084 -14.362 3.39902103994
-8.037 -1.864 -13.232 3.54436212661
-9.019 -0.763 -12.883 3.47033660994
-8.962 0.308 -13.522 3.39902103994
-9.847 -0.971 -11.97 3.39902103994
-8.399 -2.794 -12.817 3.36945124096
0.054 0.238 -16.684 1.94074133197
-0.354 -2.783 -15.406 2.32485688748
0.774 -3.068 -16.385 2.32485688748
0.354 -2.781 -17.817 2.32485688748
0.881 -3.837 -18.777 2.32485688748
-0.142 -4.237 -19.783 2.32485688748
-0.233 -3.433 -14.552 1.84630452267
1.62 -2.444 -16.136 1.84630452267
1.054 -4.108 -16.302 1.84630452267
0.744 -1.816 -18.109 1.84630452267
1.742 -3.439 -19.292 1.84630452267
1.174 -4.708 -18.208 1.84630452267
-1.024 -3.707 -19.63 1.84630452267
-0.345 -5.253 -19.702 1.84630452267
0.206 -4.041 -20.744 1.84630452267
-2.608 0.524 -17.373 2.32485688748
-2.342 1.989 -17.035 2.14243103283
-2.023 2.792 -17.912 1.94074133197
-4.108 0.295 -17.563 2.32485688748
-4.473 -1.155 -17.842 2.32485688748
-5.915 -1.286 -18.312 2.32485688748
-6.637 -2.412 -17.591 2.32485688748
-8.04 -2.046 -17.25 2.32485688748
-2.093 0.278 -18.289 1.84630452267
-4.624 0.608 -16.668 1.84630452267
-4.449 0.896 -18.394 1.84630452267
-3.82 -1.539 -18.609 1.84630452267
-6.433 -0.359 -18.118 1.84630452267
-5.919 -1.488 -19.373 1.84630452267
-6.648 -3.283 -18.23 1.84630452267
-8.387 -1.315 -17.905 1.84630452267
-8.655 -2.881 -17.32 1.84630452267
-2.26 3.7 -15.292 2.22693058289
-0.777 3.982 -15.025 2.02565795104
-0.337 5.131 -15.075 1.79544509739
-3.205 5.499 -13.806 2.22693058289
-4.432 3.332 -14.061 2.22693058289
-2.605 4.368 -16.067 1.68355989822
-4.186 5.815 -14.127 1.68355989822
-4.866 3.478 -15.039 1.68355989822
-5.073 3.772 -13.312 1.68355989822
1.412 3.037 -14.496 2.0
3.151 2.266 -15.92 2.41269401738
3.946 1.326 -16.666 2.57789518755
4.263 1.882 -18.057 2.57789518755
3.404 1.325 -19.036 2.36497245057
3.375 0.416 -16.773 2.21447173442
4.134 2.954 -18.052 2.21447173442
5.285 1.644 -18.315 2.21447173442
2.699 1.945 -19.235 2.21447173442
6.069 0.255 -16.567 2.32219197539
8.179 -0.756 -17.112 2.49917816808
7.63 -2.011 -17.474 2.27055054127
9.629 -0.973 -16.736 2.49917816808
5.845 -0.046 -17.447 2.10577365931
8.148 -0.107 -17.977 2.10577365931
7.128 -1.919 -18.286 2.10577365931
10.184 -0.062 -16.899 2.10577365931
10.044 -1.762 -17.347 2.10577365931
8.499 3.482 -16.021 2.41516305987
8.419 4.706 -13.953 2.06703446881
8.58 4.379 -17.257 2.41516305987
9.899 4.234 -17.992 2.24769809506
10.889 4.881 -17.648 2.06703446881
9.92 3.381 -19.01 2.28430885786
9.489 3.257 -15.689 1.98452021163
7.783 4.119 -17.937 1.98452021163
8.469 5.409 -16.956 1.98452021163
9.095 2.9 -19.227 1.98452021163
10.76 3.269 -19.503 1.98452021163
4.18 5.667 -15.791 4.27849626329
4.683 6.779 -16.055 4.23203245328
3.63 4.943 -16.648 4.23203245328
4.728 -1.398 -13.575 3.54436212661
10.535 2.491 -11.941 2.78912757715
11.47 1.309 -11.742 2.78912757715
11.968 -0.381 -13.539 2.78912757715
12.99 -1.31 -12.981 2.78912757715
11.119 3.399 -11.878 2.4893021431
12.449 1.571 -12.114 2.4893021431
12.466 0.488 -13.944 2.4893021431
13.933 -1.06 -13.342 2.4893021431
12.774 -2.288 -13.26 2.4893021431
13.0 -1.25 -11.943 2.4893021431
8.481 6.176 -10.275 3.08311555793
7.84 6.138 -8.888 2.98417189675
8.29 6.817 -7.959 2.88653560143
7.695 7.106 -11.201 3.08311555793
8.568 7.842 -12.205 3.08311555793
7.846 8.995 -12.874 2.98417189675
7.692 10.053 -12.228 2.88653560143
7.433 8.839 -14.042 2.88653560143
9.484 6.551 -10.164 2.84530335529
7.176 7.839 -10.601 2.84530335529
9.435 8.23 -11.691 2.84530335529
8.885 7.144 -12.965 2.84530335529
2.88 4.02 -6.047 2.22693058289
4.446 2.153 -6.555 2.22693058289
4.934 3.936 -5.525 1.68355989822
4.801 1.706 -5.641 1.68355989822
8.325 0.493 -3.886 2.22693058289
6.772 0.24 -5.823 2.22693058289
8.713 -0.603 -5.662 1.68355989822
7.329 0.479 -3.457 1.68355989822
6.137 0.503 -4.987 1.68355989822
11.719 6.973 -4.178 1.62182580604
11.947 5.998 -7.266 2.11953941158
13.24 6.754 -6.954 2.11953941158
10.969 6.892 -8.008 2.11953941158
14.491 5.971 -7.289 2.11953941158
12.179 5.161 -7.907 1.48123575012
13.261 7.67 -7.525 1.48123575012
13.267 6.99 -5.9 1.48123575012
11.513 7.535 -8.685 1.48123575012
10.42 7.495 -7.302 1.48123575012
14.234 5.14 -7.929 1.48123575012
14.938 5.6 -6.379 1.48123575012
15.193 6.615 -7.799 1.48123575012
9.272 8.159 -4.247 2.0
9.496 8.176 -1.857 1.4
7.914 8.779 -4.628 2.0
6.715 8.008 -4.142 1.74
6.415 7.906 -2.788 1.86
5.897 7.372 -5.048 1.86
4.803 6.646 -4.628 1.86
4.517 6.544 -3.283 1.86
10.034 8.929 -4.25 1.2
7.854 9.772 -4.212 1.2
7.851 8.845 -5.705 1.2
7.042 8.401 -2.062 1.2
6.116 7.454 -6.099 1.2
5.101 7.102 -1.307 1.2
3.667 5.969 -2.953 1.2
8.862 5.472 -1.631 2.57789518755
10.477 4.419 -0.194 2.28148428923
7.996 4.22 -1.8 2.57789518755
7.167 3.919 -0.565 2.43285482807
7.629 3.244 0.355 2.28148428923
5.933 4.418 -0.535 2.46421089331
8.434 6.098 -0.877 2.21447173442
5.381 4.235 0.254 2.21447173442
12.677 5.321 -1.671 2.49917816808
13.107 3.901 -2.011 2.34393302806
14.129 3.436 -1.505 2.17953443166
12.969 5.612 -0.197 2.49917816808
12.4 6.939 0.282 2.49917816808
13.502 7.94 0.589 2.49917816808
13.943 8.685 -0.661 2.49917816808
14.405 10.065 -0.352 2.49917816808
13.258 6.002 -2.273 2.10577365931
12.544 4.823 0.407 2.10577365931
14.039 5.629 -0.051 2.10577365931
11.821 6.768 1.178 2.10577365931
13.135 8.655 1.31 2.10577365931
14.35 7.413 1.0 2.10577365931
14.752 8.139 -1.124 2.10577365931
13.109 8.738 -1.346 2.10577365931
14.771 10.111 0.62 2.10577365931
13.615 10.737 -0.444 2.10577365931
15.161 10.345 -1.009 2.10577365931
11.811 0.38 -1.241 2.22693058289
12.292 -1.054 -1.148 2.02565795104
13.247 -1.357 -0.433 1.79544509739
11.63 -1.948 -1.876 2.07047405937
13.623 1.586 -2.598 1.68355989822
12.536 1.018 -0.757 1.68355989822
10.863 0.461 -0.728 1.68355989822
11.92 -2.883 -1.835 1.68355989822
14.174 0.961 -4.897 1.99639670258
15.057 -0.88 -6.22 2.02565795104
16.169 -1.168 -5.776 1.79544509739
15.712 1.49 -6.747 2.22693058289
15.536 1.937 -8.189 2.22693058289
16.859 2.151 -8.897 2.02565795104
17.543 1.194 -9.262 1.79544509739
17.227 3.411 -9.097 2.07047405937
14.759 0.728 -4.146 1.68355989822
15.751 2.369 -6.122 1.68355989822
16.652 0.962 -6.669 1.68355989822
14.978 1.182 -8.722 1.68355989822
14.985 2.866 -8.199 1.68355989822
16.632 4.123 -8.78 1.68355989822
18.078 3.579 -9.553 1.68355989822
14.197 -1.797 -6.645 1.99639670258
14.521 -3.223 -6.61 2.22693058289
14.457 -3.905 -7.99 2.02565795104
13.59 -3.588 -8.803 1.79544509739
13.549 -3.919 -5.619 2.22693058289
12.157 -3.308 -5.713 2.22693058289
13.47 -5.42 -5.834 2.22693058289
15.522 -3.326 -6.218 1.68355989822
13.915 -3.74 -4.622 1.68355989822
11.419 -4.052 -5.451 1.68355989822
12.676 -5.826 -5.225 1.68355989822
14.405 -5.878 -5.558 1.68355989822
15.344 -4.904 -8.249 2.32219197539
15.327 -5.673 -9.507 2.49917816808
14.037 -6.483 -9.562 2.34393302806
13.312 -6.49 -10.558 2.17953443166
16.549 -6.588 -9.395 2.49917816808
16.805 -6.704 -7.93 2.49917816808
16.382 -5.392 -7.323 2.49917816808
15.403 -5.035 -10.378 2.10577365931
16.324 -7.549 -9.835 2.10577365931
17.387 -6.138 -9.906 2.10577365931
16.221 -7.514 -7.519 2.10577365931
17.857 -6.874 -7.755 2.10577365931
15.978 -5.547 -6.335 2.10577365931
17.217 -4.708 -7.286 2.10577365931
12.492 -7.809 -8.16 2.57789518755
10.476 -7.003 -7.133 2.28148428923
12.642 -8.768 -6.977 2.57789518755
13.467 -9.87 -7.315 2.36497245057
12.239 -8.352 -9.057 2.21447173442
13.087 -8.244 -6.145 2.21447173442
11.668 -9.138 -6.69 2.21447173442
13.003 -10.439 -7.933 2.21447173442
10.583 -4.291 -7.351 3.36945124096
9.079 -3.133 -12.402 3.87583860819
7.573 -3.075 -14.422 3.81424376621
8.211 -3.332 -15.464 3.75551382604
6.399 -3.454 -14.227 3.75551382604
9.236 -4.099 -12.86 3.7313463391
7.916 -5.694 -11.301 2.22402568616
6.92 -6.745 -11.287 2.41516305987
6.386 -6.804 -9.862 2.24769809506
5.182 -7.021 -9.587 2.06703446881
7.513 -8.089 -11.714 2.41516305987
6.567 -8.858 -12.437 2.16754538317
8.873 -5.902 -11.323 1.98452021163
8.375 -7.918 -12.343 1.98452021163
7.814 -8.643 -10.837 1.98452021163
6.941 -9.114 -13.283 1.98452021163
6.964 -6.412 -7.55 2.32485688748
6.321 -5.089 -7.264 2.14243103283
5.623 -4.942 -6.266 1.94074133197
8.166 -6.623 -6.656 2.32485688748
6.249 -7.195 -7.342 1.84630452267
8.629 -7.568 -6.899 1.84630452267
7.846 -6.635 -5.625 1.84630452267
5.938 -2.832 -7.925 2.72232757201
7.977 -1.467 -8.485 2.72232757201
6.15 -2.525 -6.912 2.40458343712
3.903 -5.501 -12.303 2.41516305987
2.652 -3.424 -12.905 2.41516305987
4.765 -5.274 -12.913 1.98452021163
3.169 -6.024 -12.897 1.98452021163
1.712 -3.885 -13.17 1.98452021163
3.307 -3.422 -13.764 1.98452021163
2.912 -7.899 -6.854 3.54436212661
2.143 -9.188 -6.639 3.47033660994
1.71 -9.439 -5.495 3.39902103994
1.974 -9.947 -7.617 3.39902103994
3.437 -7.957 -7.787 3.36945124096
3.635 -7.785 -6.057 3.36945124096
2.428 -3.834 -3.442 2.24769809506
1.96 -3.472 -2.361 2.06703446881
4.543 -5.093 -3.103 2.41516305987
5.104 -6.417 -2.607 2.41516305987
5.117 -9.498 -1.464 2.28430885786
2.875 -9.967 -1.329 2.28430885786
5.149 -4.759 -3.932 1.98452021163
4.615 -4.373 -2.302 1.98452021163
4.789 -7.203 -3.276 1.98452021163
6.182 -6.359 -2.598 1.98452021163
5.454 -7.072 -0.611 1.98452021163
5.866 -8.836 -1.468 1.98452021163
5.311 -10.474 -1.558 1.98452021163
1.929 -9.659 -1.23 1.98452021163
3.077 -10.942 -1.425 1.98452021163
1.709 -1.781 -4.449 2.57789518755
3.513 -0.529 -5.648 2.57789518755
3.677 0.287 -4.96 2.21447173442
4.097 -1.383 -5.34 2.21447173442
-0.273 -8.055 -1.256 6.05414288686
-0.618 -1.563 -0.038 2.97245262608
-0.589 -2.006 0.946 2.7140117378
-5.241 -3.374 2.49 2.0
-4.893 -2.593 4.682 1.4
-4.646 -4.767 2.633 2.0
-2.354 -4.243 3.518 1.86
-4.941 -5.173 3.586 1.2
-2.809 -3.703 4.335 1.2
-0.881 -0.192 4.828 3.39902103994
-0.66 1.866 3.257 2.72232757201
-0.38 2.26 1.868 2.72232757201
0.165 1.259 3.61 2.40458343712
0.312 6.602 4.996 1.62182580604
2.582 5.096 4.491 2.11953941158
2.229 6.364 6.16 1.48123575012
4.578 5.838 6.211 1.48123575012
3.238 5.826 4.041 1.48123575012
-1.802 7.6 6.656 2.11953941158
-3.287 7.652 6.244 2.11953941158
-3.859 6.226 8.264 2.11953941158
-4.707 8.576 8.131 2.11953941158
-1.226 8.207 5.986 1.48123575012
-3.494 8.639 5.862 1.48123575012
-4.707 5.817 8.794 1.48123575012
-5.474 8.323 8.848 1.48123575012
-5.081 9.334 7.459 1.48123575012
-3.08 8.324 10.479 2.37505611705
-2.584 11.372 9.423 2.65207782941
-2.512 11.718 7.976 2.65207782941
-2.436 10.407 7.236 2.65207782941
-3.598 11.172 9.736 2.31343329867
-2.156 12.151 10.037 2.31343329867
-3.399 12.261 7.686 2.31343329867
-1.629 12.308 7.783 2.31343329867
-3.414 10.114 6.896 2.31343329867
-1.755 10.487 6.4 2.31343329867
-2.102 8.695 13.053 2.0
-3.07 9.514 13.888 1.74
-4.111 9.043 14.347 1.4
-0.781 8.337 13.801 2.0
-0.838 8.148 15.606 1.8
-2.586 7.795 12.729 1.2
-3.593 11.278 16.23 2.51571213812
-4.386 11.851 16.976 2.37505611705
-4.712 12.077 14.157 2.65207782941
-4.582 12.536 12.713 2.65207782941
-5.675 13.504 12.308 2.51571213812
-6.809 13.047 12.052 2.37505611705
-5.398 14.721 12.244 2.37505611705
-5.334 11.194 14.176 2.31343329867
-5.197 12.861 14.719 2.31343329867
-3.626 13.023 12.589 2.31343329867
-4.629 11.67 12.068 2.31343329867
-2.643 10.007 18.022 2.65207782941
-1.986 11.622 19.675 2.37505611705
-2.056 8.618 18.256 2.65207782941
-2.242 8.114 19.68 2.65207782941
-2.985 6.794 19.742 2.51571213812
-2.441 5.783 19.248 2.37505611705
-4.111 6.77 20.283 2.37505611705
-3.63 10.08 18.435 2.31343329867
-2.533 7.92 17.585 2.31343329867
-1.27 7.983 20.132 2.31343329867
-2.801 8.851 20.238 2.31343329867
-1.3 14.562 15.33 2.57789518755
-0.028 14.554 14.528 2.43285482807
0.748 15.528 14.488 2.28148428923
-1.537 15.92 15.996 2.57789518755
-1.112 16.983 15.161 2.36497245057
-2.592 16.04 16.199 2.21447173442
-1.276 17.821 15.601 2.21447173442
1.434 13.098 13.329 2.57789518755
1.128 12.452 12.022 2.43285482807
-0.024 12.287 11.618 2.28148428923
1.966 14.023 13.158 2.21447173442
2.179 12.087 11.4 2.11633202144
3.988 10.044 10.831 1.94074133197
2.77 12.315 9.038 2.32485688748
2.027 12.268 7.713 2.32485688748
2.221 13.528 6.89 2.14243103283
1.981 14.637 7.366 1.94074133197
2.658 13.361 5.647 2.18262886222
3.02 12.242 11.856 1.84630452267
2.772 13.336 9.389 1.84630452267
3.79 12.001 8.866 1.84630452267
2.388 11.426 7.142 1.84630452267
2.828 12.448 5.335 1.84630452267
2.79 14.158 5.092 1.84630452267
3.544 7.64 7.344 2.75923199067
1.484 9.158 9.172 2.7140117378
7.1 5.629 9.379 1.79544509739
7.327 8.254 7.875 2.22693058289
8.376 7.931 6.824 2.22693058289
6.761 9.65 7.661 2.22693058289
5.741 7.17 6.874 1.68355989822
7.799 8.225 8.845 1.68355989822
8.776 6.944 7.007 1.68355989822
9.173 8.658 6.876 1.68355989822
7.925 7.96 5.844 1.68355989822
6.191 9.945 8.53 1.68355989822
6.12 9.65 6.792 1.68355989822
7.572 10.348 7.51 1.68355989822
7.143 3.633 7.61 2.0
8.12 3.153 6.575 1.74
8.292 3.725 5.498 1.4
5.838 2.773 5.112 1.86
5.708 2.129 3.914 1.86
5.225 0.102 5.087 1.86
5.398 0.792 3.894 1.86
6.371 5.118 6.428 1.2
7.593 3.582 8.609 1.2
6.071 3.828 5.131 1.2
5.83 2.671 2.994 1.2
5.327 0.288 2.954 1.2
8.665 2.056 6.915 2.32219197539
11.016 1.549 6.544 2.49917816808
12.034 1.291 5.445 2.49917816808
13.372 1.941 5.763 2.49917816808
14.534 1.014 5.443 2.49917816808
15.696 1.753 4.874 2.49917816808
9.438 1.623 5.075 2.10577365931
11.125 2.571 6.872 2.10577365931
11.237 0.89 7.371 2.10577365931
11.659 1.696 4.517 2.10577365931
13.472 2.842 5.177 2.10577365931
13.399 2.188 6.814 2.10577365931
14.844 0.52 6.351 2.10577365931
14.201 0.276 4.728 2.10577365931
16.582 1.392 5.281 2.10577365931
15.616 2.766 5.09 2.10577365931
15.725 1.631 3.841 2.10577365931
9.742 -0.971 5.471 2.41269401738
11.171 -2.966 7.089 2.28148428923
9.974 -3.094 4.298 2.57789518755
11.384 -3.222 4.375 2.36497245057
10.327 -0.642 4.822 2.21447173442
9.724 -2.533 3.41 2.21447173442
11.796 -2.596 3.775 2.21447173442
9.806 -3.948 10.987 3.39902103994
10.203 -5.466 8.619 3.54436212661
11.618 -4.943 8.795 3.47033660994
11.949 -4.487 9.909 3.39902103994
12.395 -4.995 7.819 3.39902103994
10.018 -6.206 9.383 3.36945124096
9.172 -1.261 10.898 2.32485688748
9.06 0.758 9.668 1.94074133197
10.619 -1.018 11.303 2.32485688748
8.629 -1.685 11.737 1.84630452267
10.652 -0.671 12.325 1.84630452267
11.053 -0.272 10.655 1.84630452267
11.176 -1.938 11.216 1.84630452267
1.831 1.946 13.4 1.98452021163
0.662 4.02 13.104 1.98452021163
6.396 6.413 11.546 2.06703446881
8.54 4.816 13.044 2.41516305987
9.233 3.881 14.006 2.24769809506
9.449 2.552 13.663 2.32218807228
9.681 4.321 15.244 2.32218807228
10.091 1.686 14.524 2.32218807228
10.323 3.46 16.115 2.32218807228
10.527 2.144 15.751 2.24769809506
11.171 1.288 16.612 2.16754538317
9.062 4.731 12.094 1.98452021163
8.624 5.82 13.42 1.98452021163
9.52 5.351 15.527 1.98452021163
10.248 0.655 14.234 1.98452021163
10.664 3.819 17.075 1.98452021163
11.773 0.727 16.118 1.98452021163
4.78 11.775 14.56 2.43285482807
4.624 12.37 13.492 2.28148428923
7.139 10.965 14.341 2.57789518755
7.293 11.219 12.955 2.36497245057
8.158 9.917 14.732 2.57789518755
7.374 11.871 14.879 2.21447173442
7.32 12.166 12.805 2.21447173442
8.993 9.953 14.048 2.21447173442
4.197 12.186 15.676 2.22402568616
3.363 13.353 15.675 2.41516305987
3.605 14.195 16.9 2.24769809506
4.179 13.722 17.897 2.06703446881
3.581 13.94 14.795 1.98452021163
3.111 15.41 16.848 2.91219395265
3.193 16.319 17.967 3.0287949135
1.799 16.443 18.556 2.92608152912
0.834 16.703 17.839 2.8243183199
3.712 17.688 17.522 3.0287949135
4.504 18.387 18.609 2.92608152912
5.684 18.03 18.809 2.8243183199
3.944 19.293 19.262 2.8243183199
2.623 15.674 16.046 2.78120700753
4.353 17.56 16.662 2.78120700753
2.875 18.313 17.251 2.78120700753
0.401 16.273 20.519 2.22693058289
0.404 17.227 21.708 2.02565795104
-0.642 17.711 22.138 1.79544509739
0.321 14.588 22.425 2.22693058289
-1.525 14.655 20.733 2.22693058289
-0.313 16.633 19.811 1.68355989822
-0.364 15.122 23.065 1.68355989822
0.252 13.529 22.626 1.68355989822
-1.736 14.721 19.677 1.68355989822
-2.076 15.421 21.259 1.68355989822
-1.821 13.683 21.1 1.68355989822
1.586 17.493 22.218 2.22402568616
1.764 18.381 23.334 2.41516305987
3.094 19.098 23.2 2.24769809506
4.027 18.601 22.57 2.06703446881
0.841 16.491 24.539 2.16754538317
1.222 18.444 25.818 2.41516305987
0.967 19.109 23.313 1.98452021163
-0.054 16.794 24.37 1.98452021163
1.784 18.186 26.703 1.98452021163
0.173 18.252 25.988 1.98452021163
1.365 19.491 25.594 1.98452021163
3.169 20.257 23.806 1.99639670258
4.38 21.069 23.783 2.22693058289
5.588 20.289 24.305 2.02565795104
6.731 20.706 24.117 1.79544509739
4.176 22.335 24.602 2.22693058289
2.386 20.573 24.283 1.68355989822
4.566 21.358 22.759 1.68355989822
3.687 23.083 23.994 1.68355989822
5.134 22.71 24.929 1.68355989822
6.404 18.325 25.497 2.22693058289
6.008 16.853 25.449 2.02565795104
6.563 16.027 26.173 1.79544509739
6.731 18.73 26.94 2.22693058289
6.285 20.117 27.297 2.02565795104
7.082 21.201 27.527 2.11632732207
4.936 20.566 27.465 2.02565795104
6.31 22.298 27.827 1.99639670258
4.989 21.934 27.795 2.02565795104
3.687 19.946 27.368 2.11632732207
3.843 22.689 28.029 2.11632732207
2.55 20.696 27.599 2.11632732207
2.634 22.055 27.926 2.11632732207
7.279 18.472 24.882 1.68355989822
6.246 18.043 27.617 1.68355989822
7.799 18.675 27.087 1.68355989822
8.16 21.186 27.477 1.68355989822
6.65 23.195 28.031 1.68355989822
3.891 23.738 28.281 1.68355989822
1.576 20.233 27.529 1.68355989822
1.72 22.603 28.099 1.68355989822
5.041 16.532 24.591 2.41269401738
4.172 14.868 23.009 2.43285482807
3.355 15.84 26.438 2.36497245057
3.386 13.519 25.982 2.57789518755
2.548 15.726 26.946 2.21447173442
4.244 13.414 26.631 2.21447173442
3.44 12.781 25.195 2.21447173442
2.482 13.372 26.553 2.21447173442
4.038 11.841 21.176 2.43285482807
4.269 11.161 22.175 2.28148428923
5.544 13.594 20.216 2.57789518755
6.905 13.522 20.896 2.57789518755
7.338 12.083 21.125 2.57789518755
7.992 11.907 22.485 2.57789518755
7.011 11.491 23.525 2.57789518755
7.635 14.009 20.268 2.21447173442
6.85 14.029 21.848 2.21447173442
8.761 11.153 22.407 2.21447173442
8.439 12.846 22.779 2.21447173442
7.448 10.809 24.177 2.21447173442
6.185 11.044 23.077 2.21447173442
6.69 12.318 24.067 2.21447173442
3.223 9.909 19.972 2.0
1.696 9.639 19.788 2.0
1.234 8.183 18.8 1.8
3.537 9.454 20.902 1.2
1.264 9.494 20.766 1.2
4.881 6.015 18.41 2.02565795104
4.811 5.457 19.5 1.79544509739
6.933 7.431 18.635 2.22693058289
7.635 8.713 18.22 2.22693058289
9.085 9.071 19.229 2.07047405937
9.539 10.69 18.609 2.22693058289
4.615 7.864 20.138 1.68355989822
7.05 7.312 19.702 1.68355989822
7.416 6.603 18.135 1.68355989822
10.152 10.578 17.727 1.68355989822
10.093 11.223 19.368 1.68355989822
8.646 11.243 18.359 1.68355989822
3.949 4.102 17.368 2.22693058289
2.446 4.045 17.014 2.22693058289
1.686 5.161 17.718 2.22693058289
2.224 4.098 15.508 2.22693058289
4.064 3.745 18.383 1.68355989822
2.058 3.109 17.378 1.68355989822
1.089 4.741 18.513 1.68355989822
1.042 5.662 17.01 1.68355989822
1.318 4.646 15.297 1.68355989822
5.189 2.123 17.008 2.32219197539
5.169 -0.013 15.808 2.34393302806
5.164 -1.022 16.514 2.17953443166
7.204 0.733 17.04 2.49917816808
8.066 -0.288 16.313 2.49917816808
9.326 -0.614 17.098 2.49917816808
9.187 -1.918 17.867 2.49917816808
9.051 -1.687 19.332 2.49917816808
5.009 1.967 17.961 2.10577365931
7.816 1.593 17.268 2.10577365931
6.861 0.291 17.964 2.10577365931
7.495 -1.194 16.177 2.10577365931
10.153 -0.7 16.409 2.10577365931
9.519 0.188 17.796 2.10577365931
8.312 -2.441 17.512 2.10577365931
10.064 -2.522 17.686 2.10577365931
8.047 -1.703 19.605 2.10577365931
9.453 -0.764 19.588 2.10577365931
9.554 -2.43 19.858 2.10577365931
3.75 -1.136 14.213 2.49917816808
2.263 -0.81 14.041 2.49917816808
1.802 0.002 15.107 2.27055054127
1.383 -2.039 13.989 2.49917816808
3.868 -1.907 14.962 2.10577365931
1.036 0.504 14.82 2.10577365931
1.721 -2.691 13.197 2.10577365931
0.362 -1.743 13.8 2.10577365931
1.438 -2.561 14.933 2.10577365931
4.618 -2.9 12.722 2.22402568616
5.23 -3.286 11.449 2.41516305987
5.356 -4.808 11.279 2.41516305987
4.134 -5.486 10.676 2.41516305987
4.441 -6.858 10.119 2.24769809506
4.639 -7.818 10.863 2.06703446881
4.482 -6.949 8.797 2.28430885786
4.424 -3.567 13.413 1.98452021163
6.195 -5.0 10.625 1.98452021163
5.552 -5.251 12.243 1.98452021163
3.373 -5.581 11.434 1.98452021163
4.678 -7.82 8.397 1.98452021163
1.371 -0.961 11.22 2.28148428923
0.997 -3.338 9.27 2.57789518755
0.138 -2.952 8.085 2.57789518755
2.793 -3.515 11.161 2.21447173442
0.372 -3.324 10.151 2.21447173442
0.92 -5.268 9.596 2.21447173442
-0.484 -3.788 7.804 2.21447173442
-0.231 1.411 9.717 3.47033660994
-0.948 0.486 9.333 3.39902103994
2.084 -0.05 7.801 3.54436212661
-0.723 2.534 10.227 2.41269401738
-2.164 2.689 10.304 2.57789518755
-3.939 3.946 11.599 2.43285482807
-4.947 3.964 10.895 2.28148428923
-3.992 3.877 12.924 2.46421089331
-2.573 1.851 10.851 2.21447173442
-3.147 3.869 13.421 2.21447173442
-4.873 3.835 13.351 2.21447173442
-6.183 2.195 7.359 2.06703446881
-4.282 -0.104 7.065 2.41516305987
-4.953 -0.732 8.278 2.41516305987
-3.985 -1.608 9.058 2.41516305987
-4.672 -2.476 10.011 2.22402568616
-5.063 -2.086 11.223 2.24769809506
-4.843 -0.842 11.631 2.28430885786
-5.676 -2.941 12.029 2.28430885786
-4.961 -0.187 6.228 1.98452021163
-5.314 0.053 8.926 1.98452021163
-5.784 -1.336 7.945 1.98452021163
-3.435 -2.223 8.36 1.98452021163
-3.296 -0.973 9.595 1.98452021163
-4.851 -3.398 9.735 1.98452021163
-5.138 -0.556 12.542 1.98452021163
-5.846 -3.879 11.727 1.98452021163
-5.969 -2.647 12.939 1.98452021163
-6.93 5.946 5.503 2.65207782941
-7.709 6.03 6.808 2.65207782941
-8.116 7.46 7.126 2.65207782941
-9.545 7.718 6.796 2.65207782941
-6.731 6.945 5.148 2.31343329867
-7.524 5.415 4.773 2.31343329867
-8.599 5.424 6.723 2.31343329867
-7.093 5.654 7.611 2.31343329867
-7.962 7.639 8.18 2.31343329867
-7.495 8.134 6.553 2.31343329867
-9.622 8.14 5.849 2.31343329867
-9.96 8.373 7.489 2.31343329867
-10.082 6.827 6.812 2.31343329867
-3.949 5.693 1.529 3.09401308242
-3.885 6.701 2.24 3.00350354728
-6.285 5.52 0.611 3.18635814682
-7.67 4.917 0.774 3.18635814682
-8.555 5.149 -0.436 3.09401308242
-9.183 6.225 -0.513 3.00350354728
-8.62 4.254 -1.304 3.00350354728
-6.337 6.566 0.877 2.96548237867
-5.998 5.436 -0.426 2.96548237867
-8.142 5.36 1.638 2.96548237867
-1.586 5.769 0.849 2.57789518755
-1.34 6.727 -0.278 2.43285482807
-2.204 7.048 -1.092 2.28148428923
2.284 1.325 -0.8 2.49686919338
1.642 0.557 -1.766 2.49686919338
-1.482 6.325 1.767 2.21447173442
3.282 1.056 -0.509 2.21447173442
2.178 -0.274 -2.201 2.21447173442
0.405 8.151 -1.187 2.22693058289
1.603 8.915 -0.519 2.22693058289
1.647 8.673 0.988 2.22693058289
2.952 8.488 -1.101 2.22693058289
-0.374 8.854 -1.433 1.68355989822
1.476 9.973 -0.694 1.68355989822
0.645 8.637 1.382 1.68355989822
2.198 9.472 1.464 1.68355989822
2.149 7.726 1.184 1.68355989822
2.974 8.69 -2.161 1.68355989822
3.743 9.036 -0.612 1.68355989822
0.285 7.87 -3.521 2.65003072421
0.705 8.499 -5.854 2.66677603688
-0.021 9.491 -5.789 2.5427976846
-1.797 6.799 -4.568 2.61066977765
-0.425 8.53 -3.405 2.4893021431
1.655 8.384 -6.798 2.85110369563
1.897 9.418 -7.806 2.97245262608
0.627 9.825 -8.544 2.8655882766
2.891 8.763 -8.778 2.97245262608
2.348 10.295 -7.367 2.7140117378
3.872 9.19 -8.634 2.7140117378
0.78 10.767 -9.464 2.22402568616
-0.332 11.279 -10.26 2.41516305987
-1.238 10.161 -10.784 2.24769809506
-2.419 10.099 -10.444 2.06703446881
0.209 12.095 -11.438 2.41516305987
1.472 11.513 -12.064 2.41516305987
2.598 12.535 -12.105 2.41516305987
3.908 11.908 -12.558 2.41516305987
4.854 11.712 -11.424 2.41516305987
1.675 11.137 -9.612 1.98452021163
-0.917 11.93 -9.628 1.98452021163
-0.553 12.15 -12.203 1.98452021163
0.43 13.095 -11.094 1.98452021163
1.249 11.196 -13.071 1.98452021163
2.332 13.323 -12.794 1.98452021163
2.731 12.95 -11.116 1.98452021163
3.698 10.95 -13.009 1.98452021163
4.368 12.556 -13.291 1.98452021163
4.332 11.688 -10.524 1.98452021163
5.541 12.491 -11.393 1.98452021163
-0.488 7.897 -14.552 3.54436212661
-0.028 9.34 -14.611 3.47033660994
-0.874 10.242 -14.431 3.39902103994
1.178 9.57 -14.839 3.39902103994
-2.248 8.624 -12.792 3.36945124096
0.205 7.291 -15.116 3.36945124096
-1.47 7.828 -14.995 3.36945124096
-5.815 8.238 -6.728 1.94074133197
-3.315 10.035 -7.587 2.32485688748
-4.111 10.903 -6.624 2.32485688748
-5.05 11.845 -7.362 2.32485688748
-6.435 11.379 -7.324 2.11633202144
-7.478 12.12 -7.69 2.14243103283
-7.299 13.363 -8.123 2.18262886222
-8.703 11.619 -7.623 2.18262886222
-3.294 8.303 -6.34 1.84630452267
-2.267 10.264 -7.462 1.84630452267
-4.693 10.265 -5.977 1.84630452267
-3.424 11.487 -6.031 1.84630452267
-4.996 12.82 -6.902 1.84630452267
-4.733 11.916 -8.392 1.84630452267
-6.596 10.465 -7.007 1.84630452267
-6.377 13.747 -8.176 1.84630452267
-8.086 13.914 -8.396 1.84630452267
-8.844 10.685 -7.297 1.84630452267
-9.487 12.177 -7.897 1.84630452267
-6.673 7.477 -9.235 3.18635814682
-8.364 5.945 -8.518 3.00350354728
-6.795 7.233 -10.738 3.18635814682
-7.48 8.367 -11.483 3.18635814682
-6.493 9.337 -12.103 3.09401308242
-5.899 10.14 -11.354 3.00350354728
-6.315 9.294 -13.339 3.00350354728
-7.301 8.312 -8.968 2.96548237867
-8.09 7.947 -12.267 2.96548237867
-8.107 8.907 -10.79 2.96548237867
-6.766 5.022 -4.884 2.28148428923
-4.476 3.495 -4.57 2.57789518755
-4.678 5.091 -5.934 2.21447173442
-4.954 4.209 -3.915 2.21447173442
-10.546 3.386 -4.69 2.43285482807
-11.072 3.026 -3.638 2.28148428923
-10.233 5.873 -4.789 2.57789518755
-9.407 6.907 -4.281 2.36497245057
-10.48 6.097 -5.815 2.21447173442
-11.139 5.831 -4.201 2.21447173442
-9.446 7.664 -4.869 2.21447173442
-10.802 2.831 -5.872 2.32219197539
-11.743 1.731 -6.038 2.49917816808
-12.202 1.606 -7.502 2.49917816808
-11.259 2.22 -8.523 2.34393302806
-9.907 1.884 -8.558 2.41269040159
-11.728 3.139 -9.455 2.41269040159
-10.88 3.705 -10.389 2.41269040159
-8.702 3.919 -11.33 2.27055054127
-12.595 1.948 -5.425 2.10577365931
-12.311 0.56 -7.747 2.10577365931
-13.162 2.092 -7.607 2.10577365931
-12.772 3.412 -9.443 2.10577365931
-11.265 4.417 -11.104 2.10577365931
-8.082 3.255 -11.643 2.10577365931
-7.53 -0.228 -7.798 2.72232757201
-9.321 -1.68 -6.124 2.40458343712
-8.539 -0.59 -7.929 2.40458343712
-9.758 0.965 1.641 2.32485688748
-8.456 1.035 2.423 2.32485688748
-8.212 2.395 2.976 2.32485688748
-9.81 0.835 -1.004 1.84630452267
-10.862 -0.616 0.742 1.84630452267
-9.822 1.828 0.995 1.84630452267
-10.585 0.971 2.336 1.84630452267
-8.502 0.327 3.239 1.84630452267
-8.541 2.445 3.961 1.84630452267
-8.724 3.106 2.415 1.84630452267
-13.376 -1.054 -1.58 2.32485688748
-13.759 -2.383 -2.231 2.14243103283
-14.613 -3.109 -1.722 1.94074133197
-14.174 0.083 -2.222 2.32485688748
-14.541 1.192 -1.249 2.32485688748
-15.756 1.972 -1.725 2.32485688748
-15.368 3.347 -2.246 2.32485688748
-16.365 4.387 -1.868 2.32485688748
-13.629 -1.101 -0.533 1.84630452267
-15.087 -0.322 -2.636 1.84630452267
-14.762 0.753 -0.287 1.84630452267
-13.704 1.866 -1.156 1.84630452267
-16.24 1.422 -2.518 1.84630452267
-16.442 2.091 -0.898 1.84630452267
-14.407 3.617 -1.831 1.84630452267
-15.295 3.303 -3.322 1.84630452267
-17.298 3.951 -1.723 1.84630452267
-16.441 5.1 -2.622 1.84630452267
-16.074 4.859 -0.989 1.84630452267
-13.393 -3.908 -4.075 2.22693058289
-13.916 -5.789 -2.706 1.79544509739
-13.348 -2.24 -7.049 2.22693058289
-12.904 -4.589 -7.781 2.22693058289
-14.445 -3.941 -4.304 1.68355989822
-14.44 -3.959 -6.46 1.68355989822
-13.547 -2.147 -8.107 1.68355989822
-14.089 -1.685 -6.493 1.68355989822
-13.015 -4.069 -8.721 1.68355989822
-13.477 -5.504 -7.806 1.68355989822
-11.844 -9.266 -1.495 3.0287949135
-12.804 -11.238 -0.308 3.0287949135
-12.132 -6.604 -1.61 2.78120700753
-11.868 -8.844 -0.502 2.78120700753
-12.707 -8.931 -2.052 2.78120700753
-13.484 -10.487 -0.077 2.78120700753
-13.326 -12.083 -0.618 2.78120700753
-9.62 -5.947 2.088 2.14243103283
-10.25 -5.69 3.115 1.94074133197
-11.26 -3.246 1.526 2.32485688748
-9.011 -3.285 2.627 2.32485688748
-11.483 -5.429 0.11 1.84630452267
-11.44 -2.945 2.548 1.84630452267
-11.853 -4.116 1.299 1.84630452267
-9.611 -3.569 3.478 1.84630452267
-8.544 -7.933 2.947 2.22693058289
-7.163 -7.578 3.452 2.02565795104
-9.66 -10.228 2.998 2.22693058289
-9.187 -11.664 3.165 2.22693058289
-9.684 -12.552 2.034 2.22693058289
-10.557 -13.651 2.533 2.22693058289
-9.267 -7.823 3.743 1.68355989822
-9.919 -9.83 3.967 1.68355989822
-10.529 -10.217 2.356 1.68355989822
-8.108 -11.68 3.174 1.68355989822
-9.562 -12.048 4.103 1.68355989822
-8.831 -12.982 1.531 1.68355989822
-11.307 -13.853 1.842 1.68355989822
-10.997 -13.375 3.434 1.68355989822
-9.996 -14.514 2.684 1.68355989822
-6.736 -8.107 4.571 1.99639670258
-5.443 -7.768 5.03 2.22693058289
-4.137 -9.746 4.696 1.79544509739
-5.324 -7.979 6.54 2.22693058289
-5.838 -9.331 7.008 2.22693058289
-7.243 -9.226 7.581 2.22693058289
-7.371 -9.991 8.889 2.22693058289
-8.345 -9.351 9.816 2.22693058289
-4.284 -7.896 6.823 1.68355989822
-5.887 -7.208 7.046 1.68355989822
-5.853 -10.01 6.169 1.68355989822
-5.174 -9.713 7.771 1.68355989822
-7.472 -8.187 7.761 1.68355989822
-7.943 -9.632 6.867 1.68355989822
-7.701 -10.996 8.672 1.68355989822
-6.403 -10.027 9.366 1.68355989822
-8.966 -8.701 9.291 1.68355989822
-7.841 -8.813 10.549 1.68355989822
-8.931 -10.077 10.276 1.68355989822
-1.597 -8.294 2.831 2.59344389372
-1.415 -7.548 3.793 2.46178430194
-3.592 -9.536 0.059 2.72232757201
-3.116 -9.756 2.513 2.40458343712
-3.08 -9.447 -0.887 2.40458343712
-3.262 -10.433 0.562 2.40458343712
0.789 -8.635 2.463 3.18635814682
1.597 -9.882 2.099 3.18635814682
1.694 -10.865 3.248 3.09401308242
0.658 -11.462 3.608 3.00350354728
2.807 -11.039 3.789 3.00350354728
-0.843 -9.439 1.433 2.96548237867
0.863 -8.483 3.528 2.96548237867
1.125 -10.379 1.264 2.96548237867
2.598 -9.586 1.816 2.96548237867
4.857 -6.95 1.904 2.46178430194
2.761 -4.365 3.035 2.72232757201
2.891 -6.402 6.512 2.62109821036
0.608 -6.263 6.677 2.62109821036
2.973 -3.438 2.523 2.40458343712
2.788 -2.769 5.192 2.40458343712
2.857 -7.331 6.882 2.40458343712
-0.241 -5.749 6.557 2.40458343712
0.582 -7.191 7.049 2.40458343712
6.581 -4.839 1.192 2.11953941158
7.413 -5.365 2.376 1.89360203896
8.519 -3.573 0.166 2.11953941158
7.166 -2.514 2.0 2.11953941158
8.94 -2.343 -0.605 2.11953941158
4.706 -3.88 1.401 1.48123575012
6.716 -5.503 0.351 1.48123575012
6.454 -3.022 0.064 1.48123575012
9.246 -3.737 0.946 1.48123575012
8.528 -4.412 -0.514 1.48123575012
7.449 -1.522 1.681 1.48123575012
9.918 -2.027 -0.272 1.48123575012
8.228 -1.55 -0.432 1.48123575012
8.976 -2.573 -1.66 1.48123575012
6.81 -6.149 3.266 1.7
7.972 -8.125 4.154 1.74
7.153 -9.044 4.201 1.4
6.671 -6.629 5.674 2.0
5.704 -7.052 5.454 1.2
7.145 -7.215 6.448 1.2
6.363 -5.9 8.241 1.2
9.27 -8.35 3.876 2.32219197539
9.797 -9.693 3.613 2.49917816808
9.79 -10.573 4.858 2.34393302806
9.952 -10.026 5.969 2.17953443166
11.232 -9.431 3.151 2.49917816808
11.593 -8.122 3.761 2.49917816808
10.321 -7.319 3.799 2.49917816808
9.62 -11.801 4.713 2.17953443166
9.246 -10.185 2.823 2.10577365931
11.877 -10.223 3.503 2.10577365931
11.264 -9.386 2.072 2.10577365931
11.97 -8.273 4.761 2.10577365931
12.332 -7.623 3.151 2.10577365931
10.219 -6.731 2.9 2.10577365931
